id,artist
TEST_00000,Jan van Eyck
TEST_00001,Kazimir Malevich
TEST_00002,Titian
TEST_00003,Albrecht Du rer
TEST_00004,Paul Klee
TEST_00005,Diego Rivera
TEST_00006,Frida Kahlo
TEST_00007,Peter Paul Rubens
TEST_00008,Mikhail Vrubel
TEST_00009,Kazimir Malevich
TEST_00010,Paul Gauguin
TEST_00011,Albrecht Du rer
TEST_00012,Jan van Eyck
TEST_00013,Jan van Eyck
TEST_00014,Rene Magritte
TEST_00015,Diego Rivera
TEST_00016,Vincent van Gogh
TEST_00017,Pablo Picasso
TEST_00018,Giotto di Bondone
TEST_00019,Pierre-Auguste Renoir
TEST_00020,Rembrandt
TEST_00021,Mikhail Vrubel
TEST_00022,Vincent van Gogh
TEST_00023,Raphael
TEST_00024,Vincent van Gogh
TEST_00025,William Turner
TEST_00026,Pieter Bruegel
TEST_00027,Gustav Klimt
TEST_00028,William Turner
TEST_00029,Rene Magritte
TEST_00030,Frida Kahlo
TEST_00031,Leonardo da Vinci
TEST_00032,Gustave Courbet
TEST_00033,Gustav Klimt
TEST_00034,Paul Klee
TEST_00035,Pierre-Auguste Renoir
TEST_00036,Gustav Klimt
TEST_00037,Mikhail Vrubel
TEST_00038,Henri Matisse
TEST_00039,Jan van Eyck
TEST_00040,Rene Magritte
TEST_00041,Leonardo da Vinci
TEST_00042,William Turner
TEST_00043,Leonardo da Vinci
TEST_00044,Piet Mondrian
TEST_00045,Paul Klee
TEST_00046,Jan van Eyck
TEST_00047,Francisco Goya
TEST_00048,Paul Klee
TEST_00049,Caravaggio
TEST_00050,Andrei Rublev
TEST_00051,Vincent van Gogh
TEST_00052,Francisco Goya
TEST_00053,William Turner
TEST_00054,Mikhail Vrubel
TEST_00055,Andy Warhol
TEST_00056,Sandro Botticelli
TEST_00057,El Greco
TEST_00058,Pieter Bruegel
TEST_00059,Leonardo da Vinci
TEST_00060,Sandro Botticelli
TEST_00061,Jan van Eyck
TEST_00062,Paul Klee
TEST_00063,Albrecht Du rer
TEST_00064,Jan van Eyck
TEST_00065,Paul Gauguin
TEST_00066,Paul Gauguin
TEST_00067,Caravaggio
TEST_00068,Vincent van Gogh
TEST_00069,Titian
TEST_00070,Leonardo da Vinci
TEST_00071,Gustav Klimt
TEST_00072,Salvador Dali
TEST_00073,Giotto di Bondone
TEST_00074,Pierre-Auguste Renoir
TEST_00075,Leonardo da Vinci
TEST_00076,Leonardo da Vinci
TEST_00077,Vincent van Gogh
TEST_00078,Andy Warhol
TEST_00079,Jan van Eyck
TEST_00080,Paul Gauguin
TEST_00081,Vincent van Gogh
TEST_00082,Pierre-Auguste Renoir
TEST_00083,Georges Seurat
TEST_00084,Vincent van Gogh
TEST_00085,Diego Rivera
TEST_00086,Peter Paul Rubens
TEST_00087,El Greco
TEST_00088,Caravaggio
TEST_00089,Pierre-Auguste Renoir
TEST_00090,Piet Mondrian
TEST_00091,Alfred Sisley
TEST_00092,Mikhail Vrubel
TEST_00093,Piet Mondrian
TEST_00094,Pieter Bruegel
TEST_00095,Vincent van Gogh
TEST_00096,El Greco
TEST_00097,Camille Pissarro
TEST_00098,Mikhail Vrubel
TEST_00099,Alfred Sisley
TEST_00100,Paul Gauguin
TEST_00101,Vincent van Gogh
TEST_00102,Hieronymus Bosch
TEST_00103,Francisco Goya
TEST_00104,Pieter Bruegel
TEST_00105,Andy Warhol
TEST_00106,Paul Gauguin
TEST_00107,Francisco Goya
TEST_00108,Leonardo da Vinci
TEST_00109,Albrecht Du rer
TEST_00110,Pierre-Auguste Renoir
TEST_00111,Camille Pissarro
TEST_00112,Jan van Eyck
TEST_00113,Vincent van Gogh
TEST_00114,Peter Paul Rubens
TEST_00115,Vincent van Gogh
TEST_00116,Frida Kahlo
TEST_00117,Vincent van Gogh
TEST_00118,Sandro Botticelli
TEST_00119,Pieter Bruegel
TEST_00120,Vincent van Gogh
TEST_00121,Paul Klee
TEST_00122,Pierre-Auguste Renoir
TEST_00123,Titian
TEST_00124,Rene Magritte
TEST_00125,Caravaggio
TEST_00126,Leonardo da Vinci
TEST_00127,Vincent van Gogh
TEST_00128,Francisco Goya
TEST_00129,Francisco Goya
TEST_00130,Alfred Sisley
TEST_00131,Pierre-Auguste Renoir
TEST_00132,Joan Miro
TEST_00133,Pieter Bruegel
TEST_00134,Francisco Goya
TEST_00135,Leonardo da Vinci
TEST_00136,Sandro Botticelli
TEST_00137,Pierre-Auguste Renoir
TEST_00138,Leonardo da Vinci
TEST_00139,Leonardo da Vinci
TEST_00140,Alfred Sisley
TEST_00141,Francisco Goya
TEST_00142,Paul Gauguin
TEST_00143,Albrecht Du rer
TEST_00144,Albrecht Du rer
TEST_00145,Gustav Klimt
TEST_00146,Marc Chagall
TEST_00147,Sandro Botticelli
TEST_00148,Pablo Picasso
TEST_00149,Andrei Rublev
TEST_00150,Albrecht Du rer
TEST_00151,Peter Paul Rubens
TEST_00152,Vincent van Gogh
TEST_00153,William Turner
TEST_00154,Rene Magritte
TEST_00155,Francisco Goya
TEST_00156,Leonardo da Vinci
TEST_00157,Hieronymus Bosch
TEST_00158,Marc Chagall
TEST_00159,Leonardo da Vinci
TEST_00160,Camille Pissarro
TEST_00161,Pieter Bruegel
TEST_00162,Vincent van Gogh
TEST_00163,Mikhail Vrubel
TEST_00164,Pierre-Auguste Renoir
TEST_00165,Francisco Goya
TEST_00166,Albrecht Du rer
TEST_00167,Francisco Goya
TEST_00168,Vincent van Gogh
TEST_00169,Vincent van Gogh
TEST_00170,Vincent van Gogh
TEST_00171,Rene Magritte
TEST_00172,Paul Gauguin
TEST_00173,Paul Gauguin
TEST_00174,Piet Mondrian
TEST_00175,Camille Pissarro
TEST_00176,El Greco
TEST_00177,Albrecht Du rer
TEST_00178,Albrecht Du rer
TEST_00179,Jan van Eyck
TEST_00180,Paul Gauguin
TEST_00181,Leonardo da Vinci
TEST_00182,Marc Chagall
TEST_00183,Jan van Eyck
TEST_00184,Marc Chagall
TEST_00185,Sandro Botticelli
TEST_00186,Sandro Botticelli
TEST_00187,Albrecht Du rer
TEST_00188,Diego Rivera
TEST_00189,Pierre-Auguste Renoir
TEST_00190,Hieronymus Bosch
TEST_00191,Paul Gauguin
TEST_00192,Paul Klee
TEST_00193,Vincent van Gogh
TEST_00194,Leonardo da Vinci
TEST_00195,Albrecht Du rer
TEST_00196,Peter Paul Rubens
TEST_00197,Pieter Bruegel
TEST_00198,Albrecht Du rer
TEST_00199,Leonardo da Vinci
TEST_00200,Andy Warhol
TEST_00201,Albrecht Du rer
TEST_00202,Rembrandt
TEST_00203,Francisco Goya
TEST_00204,Alfred Sisley
TEST_00205,Francisco Goya
TEST_00206,Vincent van Gogh
TEST_00207,Vincent van Gogh
TEST_00208,Salvador Dali
TEST_00209,Pierre-Auguste Renoir
TEST_00210,Albrecht Du rer
TEST_00211,Rembrandt
TEST_00212,Vincent van Gogh
TEST_00213,Albrecht Du rer
TEST_00214,Alfred Sisley
TEST_00215,Gustav Klimt
TEST_00216,Francisco Goya
TEST_00217,El Greco
TEST_00218,Rene Magritte
TEST_00219,William Turner
TEST_00220,Vincent van Gogh
TEST_00221,Albrecht Du rer
TEST_00222,Rembrandt
TEST_00223,Albrecht Du rer
TEST_00224,Francisco Goya
TEST_00225,Vincent van Gogh
TEST_00226,Pierre-Auguste Renoir
TEST_00227,Albrecht Du rer
TEST_00228,Pieter Bruegel
TEST_00229,Pieter Bruegel
TEST_00230,Pablo Picasso
TEST_00231,Mikhail Vrubel
TEST_00232,El Greco
TEST_00233,Pierre-Auguste Renoir
TEST_00234,El Greco
TEST_00235,Gustav Klimt
TEST_00236,Francisco Goya
TEST_00237,Vincent van Gogh
TEST_00238,Andy Warhol
TEST_00239,Andy Warhol
TEST_00240,El Greco
TEST_00241,Leonardo da Vinci
TEST_00242,Pierre-Auguste Renoir
TEST_00243,Alfred Sisley
TEST_00244,Paul Klee
TEST_00245,Diego Rivera
TEST_00246,Gustav Klimt
TEST_00247,Alfred Sisley
TEST_00248,Diego Rivera
TEST_00249,Rene Magritte
TEST_00250,Francisco Goya
TEST_00251,Albrecht Du rer
TEST_00252,Vincent van Gogh
TEST_00253,Rembrandt
TEST_00254,Andy Warhol
TEST_00255,Pieter Bruegel
TEST_00256,Vincent van Gogh
TEST_00257,Jan van Eyck
TEST_00258,Diego Rivera
TEST_00259,Titian
TEST_00260,Leonardo da Vinci
TEST_00261,Vincent van Gogh
TEST_00262,Leonardo da Vinci
TEST_00263,Kazimir Malevich
TEST_00264,Vincent van Gogh
TEST_00265,Paul Klee
TEST_00266,Kazimir Malevich
TEST_00267,William Turner
TEST_00268,Sandro Botticelli
TEST_00269,Frida Kahlo
TEST_00270,Leonardo da Vinci
TEST_00271,Piet Mondrian
TEST_00272,Diego Rivera
TEST_00273,Sandro Botticelli
TEST_00274,Frida Kahlo
TEST_00275,Pieter Bruegel
TEST_00276,Pierre-Auguste Renoir
TEST_00277,Albrecht Du rer
TEST_00278,Piet Mondrian
TEST_00279,Camille Pissarro
TEST_00280,Albrecht Du rer
TEST_00281,William Turner
TEST_00282,Camille Pissarro
TEST_00283,Salvador Dali
TEST_00284,Peter Paul Rubens
TEST_00285,Kazimir Malevich
TEST_00286,Vincent van Gogh
TEST_00287,Sandro Botticelli
TEST_00288,Gustav Klimt
TEST_00289,Caravaggio
TEST_00290,Diego Rivera
TEST_00291,Leonardo da Vinci
TEST_00292,Jan van Eyck
TEST_00293,Gustav Klimt
TEST_00294,Rembrandt
TEST_00295,Pieter Bruegel
TEST_00296,Frida Kahlo
TEST_00297,Gustav Klimt
TEST_00298,Vincent van Gogh
TEST_00299,Jan van Eyck
TEST_00300,Peter Paul Rubens
TEST_00301,Leonardo da Vinci
TEST_00302,Georges Seurat
TEST_00303,Jan van Eyck
TEST_00304,Francisco Goya
TEST_00305,Sandro Botticelli
TEST_00306,Albrecht Du rer
TEST_00307,Vincent van Gogh
TEST_00308,Alfred Sisley
TEST_00309,Francisco Goya
TEST_00310,Sandro Botticelli
TEST_00311,Paul Gauguin
TEST_00312,Andy Warhol
TEST_00313,Piet Mondrian
TEST_00314,William Turner
TEST_00315,Albrecht Du rer
TEST_00316,Camille Pissarro
TEST_00317,Leonardo da Vinci
TEST_00318,Rene Magritte
TEST_00319,El Greco
TEST_00320,Pieter Bruegel
TEST_00321,Leonardo da Vinci
TEST_00322,Kazimir Malevich
TEST_00323,Rembrandt
TEST_00324,Paul Gauguin
TEST_00325,Vincent van Gogh
TEST_00326,Peter Paul Rubens
TEST_00327,Pieter Bruegel
TEST_00328,Sandro Botticelli
TEST_00329,Pierre-Auguste Renoir
TEST_00330,Pierre-Auguste Renoir
TEST_00331,Titian
TEST_00332,Pablo Picasso
TEST_00333,Leonardo da Vinci
TEST_00334,Francisco Goya
TEST_00335,Rembrandt
TEST_00336,Gustav Klimt
TEST_00337,Gustav Klimt
TEST_00338,Alfred Sisley
TEST_00339,Albrecht Du rer
TEST_00340,Leonardo da Vinci
TEST_00341,Leonardo da Vinci
TEST_00342,Hieronymus Bosch
TEST_00343,Vincent van Gogh
TEST_00344,Sandro Botticelli
TEST_00345,Paul Gauguin
TEST_00346,Francisco Goya
TEST_00347,Pieter Bruegel
TEST_00348,Giotto di Bondone
TEST_00349,Edvard Munch
TEST_00350,Jan van Eyck
TEST_00351,Pablo Picasso
TEST_00352,Rene Magritte
TEST_00353,Leonardo da Vinci
TEST_00354,Jan van Eyck
TEST_00355,Pieter Bruegel
TEST_00356,Albrecht Du rer
TEST_00357,Vincent van Gogh
TEST_00358,Amedeo Modigliani
TEST_00359,Titian
TEST_00360,Caravaggio
TEST_00361,Hieronymus Bosch
TEST_00362,Piet Mondrian
TEST_00363,Amedeo Modigliani
TEST_00364,Leonardo da Vinci
TEST_00365,Piet Mondrian
TEST_00366,Alfred Sisley
TEST_00367,William Turner
TEST_00368,Leonardo da Vinci
TEST_00369,Caravaggio
TEST_00370,William Turner
TEST_00371,Georges Seurat
TEST_00372,Andy Warhol
TEST_00373,El Greco
TEST_00374,Andy Warhol
TEST_00375,Albrecht Du rer
TEST_00376,Pierre-Auguste Renoir
TEST_00377,Piet Mondrian
TEST_00378,Francisco Goya
TEST_00379,Andy Warhol
TEST_00380,Frida Kahlo
TEST_00381,Georges Seurat
TEST_00382,Georges Seurat
TEST_00383,El Greco
TEST_00384,Henri Matisse
TEST_00385,Mikhail Vrubel
TEST_00386,Gustav Klimt
TEST_00387,Sandro Botticelli
TEST_00388,Caravaggio
TEST_00389,Hieronymus Bosch
TEST_00390,Pierre-Auguste Renoir
TEST_00391,Rembrandt
TEST_00392,William Turner
TEST_00393,Salvador Dali
TEST_00394,Pieter Bruegel
TEST_00395,Alfred Sisley
TEST_00396,Jan van Eyck
TEST_00397,Pieter Bruegel
TEST_00398,Alfred Sisley
TEST_00399,Albrecht Du rer
TEST_00400,Paul Klee
TEST_00401,Paul Gauguin
TEST_00402,William Turner
TEST_00403,Marc Chagall
TEST_00404,Alfred Sisley
TEST_00405,Rene Magritte
TEST_00406,Pieter Bruegel
TEST_00407,Pablo Picasso
TEST_00408,Francisco Goya
TEST_00409,Gustav Klimt
TEST_00410,Jan van Eyck
TEST_00411,Vincent van Gogh
TEST_00412,Sandro Botticelli
TEST_00413,Vincent van Gogh
TEST_00414,Leonardo da Vinci
TEST_00415,Leonardo da Vinci
TEST_00416,Pieter Bruegel
TEST_00417,El Greco
TEST_00418,Alfred Sisley
TEST_00419,Leonardo da Vinci
TEST_00420,Vincent van Gogh
TEST_00421,Gustav Klimt
TEST_00422,Andrei Rublev
TEST_00423,Vincent van Gogh
TEST_00424,Albrecht Du rer
TEST_00425,Rene Magritte
TEST_00426,Camille Pissarro
TEST_00427,William Turner
TEST_00428,William Turner
TEST_00429,William Turner
TEST_00430,Paul Gauguin
TEST_00431,Albrecht Du rer
TEST_00432,Albrecht Du rer
TEST_00433,Pieter Bruegel
TEST_00434,Rembrandt
TEST_00435,Marc Chagall
TEST_00436,Sandro Botticelli
TEST_00437,Giotto di Bondone
TEST_00438,Leonardo da Vinci
TEST_00439,Kazimir Malevich
TEST_00440,Leonardo da Vinci
TEST_00441,Albrecht Du rer
TEST_00442,Caravaggio
TEST_00443,Albrecht Du rer
TEST_00444,Francisco Goya
TEST_00445,Pieter Bruegel
TEST_00446,El Greco
TEST_00447,Alfred Sisley
TEST_00448,Albrecht Du rer
TEST_00449,Edouard Manet
TEST_00450,Francisco Goya
TEST_00451,Henri Matisse
TEST_00452,Francisco Goya
TEST_00453,Mikhail Vrubel
TEST_00454,Paul Gauguin
TEST_00455,Amedeo Modigliani
TEST_00456,El Greco
TEST_00457,Piet Mondrian
TEST_00458,Sandro Botticelli
TEST_00459,Albrecht Du rer
TEST_00460,Marc Chagall
TEST_00461,Vincent van Gogh
TEST_00462,Pieter Bruegel
TEST_00463,Diego Rivera
TEST_00464,Paul Gauguin
TEST_00465,Pablo Picasso
TEST_00466,Albrecht Du rer
TEST_00467,William Turner
TEST_00468,Vincent van Gogh
TEST_00469,Diego Rivera
TEST_00470,Albrecht Du rer
TEST_00471,William Turner
TEST_00472,William Turner
TEST_00473,Kazimir Malevich
TEST_00474,Alfred Sisley
TEST_00475,Leonardo da Vinci
TEST_00476,Claude Monet
TEST_00477,Edvard Munch
TEST_00478,Pieter Bruegel
TEST_00479,Albrecht Du rer
TEST_00480,Peter Paul Rubens
TEST_00481,Vincent van Gogh
TEST_00482,Francisco Goya
TEST_00483,Leonardo da Vinci
TEST_00484,Pierre-Auguste Renoir
TEST_00485,Kazimir Malevich
TEST_00486,Albrecht Du rer
TEST_00487,Camille Pissarro
TEST_00488,Paul Klee
TEST_00489,Vincent van Gogh
TEST_00490,Vincent van Gogh
TEST_00491,Rene Magritte
TEST_00492,Vincent van Gogh
TEST_00493,Pierre-Auguste Renoir
TEST_00494,Pierre-Auguste Renoir
TEST_00495,Pierre-Auguste Renoir
TEST_00496,El Greco
TEST_00497,Pierre-Auguste Renoir
TEST_00498,Alfred Sisley
TEST_00499,Georges Seurat
TEST_00500,Andy Warhol
TEST_00501,Joan Miro
TEST_00502,Rembrandt
TEST_00503,El Greco
TEST_00504,Pierre-Auguste Renoir
TEST_00505,Francisco Goya
TEST_00506,Camille Pissarro
TEST_00507,Pieter Bruegel
TEST_00508,Paul Gauguin
TEST_00509,Francisco Goya
TEST_00510,Peter Paul Rubens
TEST_00511,William Turner
TEST_00512,Sandro Botticelli
TEST_00513,Francisco Goya
TEST_00514,Diego Rivera
TEST_00515,Salvador Dali
TEST_00516,El Greco
TEST_00517,Kazimir Malevich
TEST_00518,Leonardo da Vinci
TEST_00519,Albrecht Du rer
TEST_00520,Alfred Sisley
TEST_00521,Rembrandt
TEST_00522,Mikhail Vrubel
TEST_00523,Titian
TEST_00524,Albrecht Du rer
TEST_00525,Kazimir Malevich
TEST_00526,Piet Mondrian
TEST_00527,Mikhail Vrubel
TEST_00528,Leonardo da Vinci
TEST_00529,Gustav Klimt
TEST_00530,Leonardo da Vinci
TEST_00531,Sandro Botticelli
TEST_00532,Albrecht Du rer
TEST_00533,Vincent van Gogh
TEST_00534,Rene Magritte
TEST_00535,Giotto di Bondone
TEST_00536,Gustav Klimt
TEST_00537,William Turner
TEST_00538,Francisco Goya
TEST_00539,Kazimir Malevich
TEST_00540,Marc Chagall
TEST_00541,El Greco
TEST_00542,Claude Monet
TEST_00543,Leonardo da Vinci
TEST_00544,Peter Paul Rubens
TEST_00545,Albrecht Du rer
TEST_00546,Sandro Botticelli
TEST_00547,Sandro Botticelli
TEST_00548,Leonardo da Vinci
TEST_00549,Caravaggio
TEST_00550,Pieter Bruegel
TEST_00551,Giotto di Bondone
TEST_00552,Sandro Botticelli
TEST_00553,Pieter Bruegel
TEST_00554,Francisco Goya
TEST_00555,Leonardo da Vinci
TEST_00556,Jan van Eyck
TEST_00557,Sandro Botticelli
TEST_00558,Kazimir Malevich
TEST_00559,Jan van Eyck
TEST_00560,Gustave Courbet
TEST_00561,Leonardo da Vinci
TEST_00562,Gustav Klimt
TEST_00563,Paul Klee
TEST_00564,Camille Pissarro
TEST_00565,Gustav Klimt
TEST_00566,Piet Mondrian
TEST_00567,El Greco
TEST_00568,Leonardo da Vinci
TEST_00569,Sandro Botticelli
TEST_00570,Pieter Bruegel
TEST_00571,Pierre-Auguste Renoir
TEST_00572,Francisco Goya
TEST_00573,Paul Klee
TEST_00574,Vincent van Gogh
TEST_00575,William Turner
TEST_00576,Vincent van Gogh
TEST_00577,Pieter Bruegel
TEST_00578,Rene Magritte
TEST_00579,Albrecht Du rer
TEST_00580,Albrecht Du rer
TEST_00581,Camille Pissarro
TEST_00582,Jackson Pollock
TEST_00583,Andy Warhol
TEST_00584,Vincent van Gogh
TEST_00585,Marc Chagall
TEST_00586,Paul Klee
TEST_00587,Albrecht Du rer
TEST_00588,Albrecht Du rer
TEST_00589,Andy Warhol
TEST_00590,Paul Klee
TEST_00591,William Turner
TEST_00592,Albrecht Du rer
TEST_00593,Jan van Eyck
TEST_00594,Sandro Botticelli
TEST_00595,Piet Mondrian
TEST_00596,Francisco Goya
TEST_00597,Leonardo da Vinci
TEST_00598,Pieter Bruegel
TEST_00599,Gustav Klimt
TEST_00600,Marc Chagall
TEST_00601,Francisco Goya
TEST_00602,Francisco Goya
TEST_00603,Vincent van Gogh
TEST_00604,Kazimir Malevich
TEST_00605,Giotto di Bondone
TEST_00606,Rene Magritte
TEST_00607,Albrecht Du rer
TEST_00608,Pablo Picasso
TEST_00609,Francisco Goya
TEST_00610,Leonardo da Vinci
TEST_00611,Hieronymus Bosch
TEST_00612,Camille Pissarro
TEST_00613,Pierre-Auguste Renoir
TEST_00614,Jan van Eyck
TEST_00615,William Turner
TEST_00616,Frida Kahlo
TEST_00617,Giotto di Bondone
TEST_00618,Vincent van Gogh
TEST_00619,Henri Matisse
TEST_00620,Albrecht Du rer
TEST_00621,Kazimir Malevich
TEST_00622,Albrecht Du rer
TEST_00623,Pierre-Auguste Renoir
TEST_00624,Andrei Rublev
TEST_00625,Vincent van Gogh
TEST_00626,Francisco Goya
TEST_00627,Piet Mondrian
TEST_00628,Alfred Sisley
TEST_00629,Camille Pissarro
TEST_00630,Peter Paul Rubens
TEST_00631,Vincent van Gogh
TEST_00632,Andy Warhol
TEST_00633,El Greco
TEST_00634,Rene Magritte
TEST_00635,Vincent van Gogh
TEST_00636,Leonardo da Vinci
TEST_00637,Leonardo da Vinci
TEST_00638,Hieronymus Bosch
TEST_00639,Leonardo da Vinci
TEST_00640,Georges Seurat
TEST_00641,Francisco Goya
TEST_00642,Leonardo da Vinci
TEST_00643,Vincent van Gogh
TEST_00644,Leonardo da Vinci
TEST_00645,Vincent van Gogh
TEST_00646,Vincent van Gogh
TEST_00647,Giotto di Bondone
TEST_00648,Salvador Dali
TEST_00649,Leonardo da Vinci
TEST_00650,Frida Kahlo
TEST_00651,Leonardo da Vinci
TEST_00652,Gustav Klimt
TEST_00653,Diego Velazquez
TEST_00654,Paul Gauguin
TEST_00655,Vincent van Gogh
TEST_00656,Gustav Klimt
TEST_00657,Mikhail Vrubel
TEST_00658,Alfred Sisley
TEST_00659,Paul Gauguin
TEST_00660,Albrecht Du rer
TEST_00661,Pieter Bruegel
TEST_00662,Leonardo da Vinci
TEST_00663,Sandro Botticelli
TEST_00664,Kazimir Malevich
TEST_00665,Jackson Pollock
TEST_00666,Paul Gauguin
TEST_00667,Vincent van Gogh
TEST_00668,Piet Mondrian
TEST_00669,Pierre-Auguste Renoir
TEST_00670,Jan van Eyck
TEST_00671,El Greco
TEST_00672,Jan van Eyck
TEST_00673,Paul Klee
TEST_00674,Jackson Pollock
TEST_00675,Francisco Goya
TEST_00676,Kazimir Malevich
TEST_00677,Albrecht Du rer
TEST_00678,Rembrandt
TEST_00679,Amedeo Modigliani
TEST_00680,Giotto di Bondone
TEST_00681,Peter Paul Rubens
TEST_00682,Caravaggio
TEST_00683,Paul Gauguin
TEST_00684,Rembrandt
TEST_00685,Albrecht Du rer
TEST_00686,Albrecht Du rer
TEST_00687,Paul Gauguin
TEST_00688,Andrei Rublev
TEST_00689,Pieter Bruegel
TEST_00690,Salvador Dali
TEST_00691,Albrecht Du rer
TEST_00692,Pieter Bruegel
TEST_00693,Jan van Eyck
TEST_00694,Pieter Bruegel
TEST_00695,Piet Mondrian
TEST_00696,El Greco
TEST_00697,Paul Gauguin
TEST_00698,Gustav Klimt
TEST_00699,Pierre-Auguste Renoir
TEST_00700,Francisco Goya
TEST_00701,Francisco Goya
TEST_00702,Camille Pissarro
TEST_00703,Gustav Klimt
TEST_00704,Leonardo da Vinci
TEST_00705,Gustav Klimt
TEST_00706,Francisco Goya
TEST_00707,William Turner
TEST_00708,Vincent van Gogh
TEST_00709,Titian
TEST_00710,Vincent van Gogh
TEST_00711,Pieter Bruegel
TEST_00712,Albrecht Du rer
TEST_00713,Pieter Bruegel
TEST_00714,Kazimir Malevich
TEST_00715,Henri de Toulouse-Lautrec
TEST_00716,Salvador Dali
TEST_00717,Vincent van Gogh
TEST_00718,Albrecht Du rer
TEST_00719,Vincent van Gogh
TEST_00720,Jan van Eyck
TEST_00721,Camille Pissarro
TEST_00722,Andy Warhol
TEST_00723,William Turner
TEST_00724,Alfred Sisley
TEST_00725,Rembrandt
TEST_00726,Andy Warhol
TEST_00727,Peter Paul Rubens
TEST_00728,Francisco Goya
TEST_00729,Amedeo Modigliani
TEST_00730,Paul Klee
TEST_00731,Piet Mondrian
TEST_00732,Camille Pissarro
TEST_00733,Sandro Botticelli
TEST_00734,Pierre-Auguste Renoir
TEST_00735,Pierre-Auguste Renoir
TEST_00736,Camille Pissarro
TEST_00737,Frida Kahlo
TEST_00738,Leonardo da Vinci
TEST_00739,Peter Paul Rubens
TEST_00740,Peter Paul Rubens
TEST_00741,Leonardo da Vinci
TEST_00742,Andy Warhol
TEST_00743,Vincent van Gogh
TEST_00744,Georges Seurat
TEST_00745,Diego Rivera
TEST_00746,Andy Warhol
TEST_00747,Leonardo da Vinci
TEST_00748,Pierre-Auguste Renoir
TEST_00749,Diego Rivera
TEST_00750,Pierre-Auguste Renoir
TEST_00751,Diego Rivera
TEST_00752,Titian
TEST_00753,Pierre-Auguste Renoir
TEST_00754,Vincent van Gogh
TEST_00755,Albrecht Du rer
TEST_00756,Andy Warhol
TEST_00757,Paul Gauguin
TEST_00758,Camille Pissarro
TEST_00759,Gustav Klimt
TEST_00760,Vincent van Gogh
TEST_00761,Marc Chagall
TEST_00762,Salvador Dali
TEST_00763,Pierre-Auguste Renoir
TEST_00764,Rene Magritte
TEST_00765,Jan van Eyck
TEST_00766,Pieter Bruegel
TEST_00767,El Greco
TEST_00768,Gustav Klimt
TEST_00769,Kazimir Malevich
TEST_00770,William Turner
TEST_00771,Marc Chagall
TEST_00772,Piet Mondrian
TEST_00773,Leonardo da Vinci
TEST_00774,Gustav Klimt
TEST_00775,El Greco
TEST_00776,Rene Magritte
TEST_00777,Pieter Bruegel
TEST_00778,Vincent van Gogh
TEST_00779,Pieter Bruegel
TEST_00780,Pablo Picasso
TEST_00781,Vincent van Gogh
TEST_00782,Gustav Klimt
TEST_00783,Vincent van Gogh
TEST_00784,Albrecht Du rer
TEST_00785,Leonardo da Vinci
TEST_00786,Pierre-Auguste Renoir
TEST_00787,Alfred Sisley
TEST_00788,Albrecht Du rer
TEST_00789,Vincent van Gogh
TEST_00790,El Greco
TEST_00791,Hieronymus Bosch
TEST_00792,Titian
TEST_00793,Gustav Klimt
TEST_00794,Rembrandt
TEST_00795,Kazimir Malevich
TEST_00796,Leonardo da Vinci
TEST_00797,Francisco Goya
TEST_00798,Diego Rivera
TEST_00799,Vincent van Gogh
TEST_00800,Giotto di Bondone
TEST_00801,Pieter Bruegel
TEST_00802,Caravaggio
TEST_00803,Francisco Goya
TEST_00804,Jan van Eyck
TEST_00805,Giotto di Bondone
TEST_00806,Leonardo da Vinci
TEST_00807,Vincent van Gogh
TEST_00808,Leonardo da Vinci
TEST_00809,Andy Warhol
TEST_00810,Leonardo da Vinci
TEST_00811,Albrecht Du rer
TEST_00812,Gustav Klimt
TEST_00813,Albrecht Du rer
TEST_00814,Leonardo da Vinci
TEST_00815,William Turner
TEST_00816,Sandro Botticelli
TEST_00817,Albrecht Du rer
TEST_00818,Francisco Goya
TEST_00819,Frida Kahlo
TEST_00820,Paul Gauguin
TEST_00821,Jackson Pollock
TEST_00822,Vincent van Gogh
TEST_00823,Vincent van Gogh
TEST_00824,Vincent van Gogh
TEST_00825,Albrecht Du rer
TEST_00826,Amedeo Modigliani
TEST_00827,Jan van Eyck
TEST_00828,Albrecht Du rer
TEST_00829,Titian
TEST_00830,Paul Gauguin
TEST_00831,Alfred Sisley
TEST_00832,Diego Rivera
TEST_00833,Rembrandt
TEST_00834,Jan van Eyck
TEST_00835,Piet Mondrian
TEST_00836,Mikhail Vrubel
TEST_00837,Jan van Eyck
TEST_00838,Francisco Goya
TEST_00839,Pierre-Auguste Renoir
TEST_00840,Leonardo da Vinci
TEST_00841,William Turner
TEST_00842,Leonardo da Vinci
TEST_00843,Paul Gauguin
TEST_00844,Giotto di Bondone
TEST_00845,Francisco Goya
TEST_00846,Sandro Botticelli
TEST_00847,Albrecht Du rer
TEST_00848,Albrecht Du rer
TEST_00849,Leonardo da Vinci
TEST_00850,Pierre-Auguste Renoir
TEST_00851,Vincent van Gogh
TEST_00852,Hieronymus Bosch
TEST_00853,Rembrandt
TEST_00854,Francisco Goya
TEST_00855,Hieronymus Bosch
TEST_00856,Paul Gauguin
TEST_00857,Albrecht Du rer
TEST_00858,Albrecht Du rer
TEST_00859,Giotto di Bondone
TEST_00860,Gustav Klimt
TEST_00861,Gustav Klimt
TEST_00862,Albrecht Du rer
TEST_00863,Pieter Bruegel
TEST_00864,Francisco Goya
TEST_00865,Rembrandt
TEST_00866,Francisco Goya
TEST_00867,Paul Klee
TEST_00868,Edgar Degas
TEST_00869,Piet Mondrian
TEST_00870,Caravaggio
TEST_00871,Jackson Pollock
TEST_00872,Leonardo da Vinci
TEST_00873,Marc Chagall
TEST_00874,Pablo Picasso
TEST_00875,Francisco Goya
TEST_00876,Pierre-Auguste Renoir
TEST_00877,Sandro Botticelli
TEST_00878,Pablo Picasso
TEST_00879,Gustav Klimt
TEST_00880,Albrecht Du rer
TEST_00881,Andrei Rublev
TEST_00882,Paul Klee
TEST_00883,Andrei Rublev
TEST_00884,Piet Mondrian
TEST_00885,Vincent van Gogh
TEST_00886,El Greco
TEST_00887,Marc Chagall
TEST_00888,Piet Mondrian
TEST_00889,Jan van Eyck
TEST_00890,Sandro Botticelli
TEST_00891,Frida Kahlo
TEST_00892,Diego Rivera
TEST_00893,Francisco Goya
TEST_00894,Caravaggio
TEST_00895,Titian
TEST_00896,Kazimir Malevich
TEST_00897,Paul Gauguin
TEST_00898,Pierre-Auguste Renoir
TEST_00899,Leonardo da Vinci
TEST_00900,Vincent van Gogh
TEST_00901,Albrecht Du rer
TEST_00902,Pieter Bruegel
TEST_00903,Albrecht Du rer
TEST_00904,Albrecht Du rer
TEST_00905,Sandro Botticelli
TEST_00906,Leonardo da Vinci
TEST_00907,Piet Mondrian
TEST_00908,Pierre-Auguste Renoir
TEST_00909,Pieter Bruegel
TEST_00910,William Turner
TEST_00911,El Greco
TEST_00912,Leonardo da Vinci
TEST_00913,Vincent van Gogh
TEST_00914,Paul Gauguin
TEST_00915,Pieter Bruegel
TEST_00916,Peter Paul Rubens
TEST_00917,Piet Mondrian
TEST_00918,Paul Klee
TEST_00919,Leonardo da Vinci
TEST_00920,Vincent van Gogh
TEST_00921,Albrecht Du rer
TEST_00922,Pierre-Auguste Renoir
TEST_00923,Leonardo da Vinci
TEST_00924,Francisco Goya
TEST_00925,Jackson Pollock
TEST_00926,Rembrandt
TEST_00927,Francisco Goya
TEST_00928,Leonardo da Vinci
TEST_00929,Marc Chagall
TEST_00930,Vincent van Gogh
TEST_00931,Leonardo da Vinci
TEST_00932,Peter Paul Rubens
TEST_00933,Francisco Goya
TEST_00934,Gustav Klimt
TEST_00935,Francisco Goya
TEST_00936,El Greco
TEST_00937,Leonardo da Vinci
TEST_00938,Pieter Bruegel
TEST_00939,Leonardo da Vinci
TEST_00940,El Greco
TEST_00941,Francisco Goya
TEST_00942,Edouard Manet
TEST_00943,William Turner
TEST_00944,Pablo Picasso
TEST_00945,Gustav Klimt
TEST_00946,Francisco Goya
TEST_00947,Camille Pissarro
TEST_00948,Gustav Klimt
TEST_00949,Vincent van Gogh
TEST_00950,Vincent van Gogh
TEST_00951,Kazimir Malevich
TEST_00952,Francisco Goya
TEST_00953,William Turner
TEST_00954,Leonardo da Vinci
TEST_00955,Albrecht Du rer
TEST_00956,El Greco
TEST_00957,Gustav Klimt
TEST_00958,Sandro Botticelli
TEST_00959,Leonardo da Vinci
TEST_00960,Paul Gauguin
TEST_00961,Giotto di Bondone
TEST_00962,Giotto di Bondone
TEST_00963,Pierre-Auguste Renoir
TEST_00964,Paul Klee
TEST_00965,Sandro Botticelli
TEST_00966,Leonardo da Vinci
TEST_00967,Francisco Goya
TEST_00968,Camille Pissarro
TEST_00969,Gustav Klimt
TEST_00970,Joan Miro
TEST_00971,Mikhail Vrubel
TEST_00972,Pierre-Auguste Renoir
TEST_00973,Leonardo da Vinci
TEST_00974,Leonardo da Vinci
TEST_00975,Vincent van Gogh
TEST_00976,Vincent van Gogh
TEST_00977,Rembrandt
TEST_00978,Alfred Sisley
TEST_00979,Leonardo da Vinci
TEST_00980,Albrecht Du rer
TEST_00981,Gustav Klimt
TEST_00982,Leonardo da Vinci
TEST_00983,Pierre-Auguste Renoir
TEST_00984,Leonardo da Vinci
TEST_00985,Albrecht Du rer
TEST_00986,Pieter Bruegel
TEST_00987,Leonardo da Vinci
TEST_00988,Vincent van Gogh
TEST_00989,Leonardo da Vinci
TEST_00990,Gustav Klimt
TEST_00991,Vincent van Gogh
TEST_00992,Peter Paul Rubens
TEST_00993,Leonardo da Vinci
TEST_00994,Salvador Dali
TEST_00995,Pierre-Auguste Renoir
TEST_00996,William Turner
TEST_00997,Camille Pissarro
TEST_00998,Mikhail Vrubel
TEST_00999,Pieter Bruegel
TEST_01000,Vincent van Gogh
TEST_01001,Albrecht Du rer
TEST_01002,Camille Pissarro
TEST_01003,Rembrandt
TEST_01004,Albrecht Du rer
TEST_01005,Kazimir Malevich
TEST_01006,Andy Warhol
TEST_01007,Pieter Bruegel
TEST_01008,Andy Warhol
TEST_01009,Gustav Klimt
TEST_01010,Camille Pissarro
TEST_01011,Albrecht Du rer
TEST_01012,William Turner
TEST_01013,Giotto di Bondone
TEST_01014,Sandro Botticelli
TEST_01015,Francisco Goya
TEST_01016,Titian
TEST_01017,Pieter Bruegel
TEST_01018,Andrei Rublev
TEST_01019,Pieter Bruegel
TEST_01020,Albrecht Du rer
TEST_01021,Pierre-Auguste Renoir
TEST_01022,Marc Chagall
TEST_01023,Andrei Rublev
TEST_01024,Leonardo da Vinci
TEST_01025,Alfred Sisley
TEST_01026,Leonardo da Vinci
TEST_01027,Pierre-Auguste Renoir
TEST_01028,Rembrandt
TEST_01029,Pierre-Auguste Renoir
TEST_01030,Caravaggio
TEST_01031,Francisco Goya
TEST_01032,Claude Monet
TEST_01033,Peter Paul Rubens
TEST_01034,Pieter Bruegel
TEST_01035,Peter Paul Rubens
TEST_01036,Alfred Sisley
TEST_01037,Titian
TEST_01038,Diego Rivera
TEST_01039,El Greco
TEST_01040,Vasiliy Kandinskiy
TEST_01041,Titian
TEST_01042,Leonardo da Vinci
TEST_01043,El Greco
TEST_01044,Titian
TEST_01045,Rembrandt
TEST_01046,Kazimir Malevich
TEST_01047,Rembrandt
TEST_01048,Albrecht Du rer
TEST_01049,Andrei Rublev
TEST_01050,Rene Magritte
TEST_01051,Mikhail Vrubel
TEST_01052,Sandro Botticelli
TEST_01053,Sandro Botticelli
TEST_01054,Andy Warhol
TEST_01055,Gustav Klimt
TEST_01056,Marc Chagall
TEST_01057,Vincent van Gogh
TEST_01058,Vincent van Gogh
TEST_01059,Vincent van Gogh
TEST_01060,Leonardo da Vinci
TEST_01061,Alfred Sisley
TEST_01062,Leonardo da Vinci
TEST_01063,Albrecht Du rer
TEST_01064,Jan van Eyck
TEST_01065,Marc Chagall
TEST_01066,Rene Magritte
TEST_01067,Francisco Goya
TEST_01068,Kazimir Malevich
TEST_01069,Albrecht Du rer
TEST_01070,Sandro Botticelli
TEST_01071,Piet Mondrian
TEST_01072,Sandro Botticelli
TEST_01073,Francisco Goya
TEST_01074,Francisco Goya
TEST_01075,Vincent van Gogh
TEST_01076,Jan van Eyck
TEST_01077,Rene Magritte
TEST_01078,Jan van Eyck
TEST_01079,Rene Magritte
TEST_01080,Paul Klee
TEST_01081,Albrecht Du rer
TEST_01082,Vincent van Gogh
TEST_01083,Georges Seurat
TEST_01084,Camille Pissarro
TEST_01085,Vincent van Gogh
TEST_01086,William Turner
TEST_01087,Vincent van Gogh
TEST_01088,Rembrandt
TEST_01089,Sandro Botticelli
TEST_01090,William Turner
TEST_01091,Sandro Botticelli
TEST_01092,Piet Mondrian
TEST_01093,Leonardo da Vinci
TEST_01094,Peter Paul Rubens
TEST_01095,Salvador Dali
TEST_01096,Pieter Bruegel
TEST_01097,Albrecht Du rer
TEST_01098,Vincent van Gogh
TEST_01099,Caravaggio
TEST_01100,Vincent van Gogh
TEST_01101,William Turner
TEST_01102,Paul Klee
TEST_01103,Andrei Rublev
TEST_01104,Georges Seurat
TEST_01105,Francisco Goya
TEST_01106,Gustav Klimt
TEST_01107,Marc Chagall
TEST_01108,Pierre-Auguste Renoir
TEST_01109,Paul Klee
TEST_01110,Pierre-Auguste Renoir
TEST_01111,Jan van Eyck
TEST_01112,Jackson Pollock
TEST_01113,Paul Gauguin
TEST_01114,Rene Magritte
TEST_01115,Pierre-Auguste Renoir
TEST_01116,William Turner
TEST_01117,Pieter Bruegel
TEST_01118,Gustav Klimt
TEST_01119,Paul Gauguin
TEST_01120,Rene Magritte
TEST_01121,Francisco Goya
TEST_01122,Pierre-Auguste Renoir
TEST_01123,Vincent van Gogh
TEST_01124,Diego Rivera
TEST_01125,Rene Magritte
TEST_01126,Albrecht Du rer
TEST_01127,Leonardo da Vinci
TEST_01128,Mikhail Vrubel
TEST_01129,Peter Paul Rubens
TEST_01130,Gustav Klimt
TEST_01131,Jan van Eyck
TEST_01132,Amedeo Modigliani
TEST_01133,El Greco
TEST_01134,Rene Magritte
TEST_01135,Albrecht Du rer
TEST_01136,Salvador Dali
TEST_01137,Andy Warhol
TEST_01138,Leonardo da Vinci
TEST_01139,Henri Matisse
TEST_01140,Pieter Bruegel
TEST_01141,Pierre-Auguste Renoir
TEST_01142,El Greco
TEST_01143,Vincent van Gogh
TEST_01144,Albrecht Du rer
TEST_01145,William Turner
TEST_01146,Pierre-Auguste Renoir
TEST_01147,Paul Gauguin
TEST_01148,Andy Warhol
TEST_01149,Leonardo da Vinci
TEST_01150,Frida Kahlo
TEST_01151,Gustav Klimt
TEST_01152,Pablo Picasso
TEST_01153,Pierre-Auguste Renoir
TEST_01154,William Turner
TEST_01155,Piet Mondrian
TEST_01156,Jan van Eyck
TEST_01157,Jan van Eyck
TEST_01158,Gustav Klimt
TEST_01159,Caravaggio
TEST_01160,Henri Matisse
TEST_01161,Joan Miro
TEST_01162,Marc Chagall
TEST_01163,Peter Paul Rubens
TEST_01164,Sandro Botticelli
TEST_01165,Paul Gauguin
TEST_01166,Kazimir Malevich
TEST_01167,Pierre-Auguste Renoir
TEST_01168,Pablo Picasso
TEST_01169,Edgar Degas
TEST_01170,Vincent van Gogh
TEST_01171,Albrecht Du rer
TEST_01172,Francisco Goya
TEST_01173,El Greco
TEST_01174,Andy Warhol
TEST_01175,Alfred Sisley
TEST_01176,Vincent van Gogh
TEST_01177,Titian
TEST_01178,Piet Mondrian
TEST_01179,Leonardo da Vinci
TEST_01180,Albrecht Du rer
TEST_01181,Hieronymus Bosch
TEST_01182,Rembrandt
TEST_01183,Georges Seurat
TEST_01184,Peter Paul Rubens
TEST_01185,Jan van Eyck
TEST_01186,Vincent van Gogh
TEST_01187,Titian
TEST_01188,Pieter Bruegel
TEST_01189,Leonardo da Vinci
TEST_01190,Camille Pissarro
TEST_01191,William Turner
TEST_01192,Kazimir Malevich
TEST_01193,Francisco Goya
TEST_01194,Sandro Botticelli
TEST_01195,Rene Magritte
TEST_01196,Albrecht Du rer
TEST_01197,Paul Klee
TEST_01198,Andrei Rublev
TEST_01199,Andrei Rublev
TEST_01200,Albrecht Du rer
TEST_01201,Gustav Klimt
TEST_01202,Leonardo da Vinci
TEST_01203,Jan van Eyck
TEST_01204,Pieter Bruegel
TEST_01205,Leonardo da Vinci
TEST_01206,Albrecht Du rer
TEST_01207,Sandro Botticelli
TEST_01208,Vincent van Gogh
TEST_01209,Leonardo da Vinci
TEST_01210,Frida Kahlo
TEST_01211,El Greco
TEST_01212,Kazimir Malevich
TEST_01213,Rembrandt
TEST_01214,Leonardo da Vinci
TEST_01215,Diego Velazquez
TEST_01216,Gustav Klimt
TEST_01217,Jan van Eyck
TEST_01218,Francisco Goya
TEST_01219,El Greco
TEST_01220,Pieter Bruegel
TEST_01221,Pierre-Auguste Renoir
TEST_01222,Peter Paul Rubens
TEST_01223,Andrei Rublev
TEST_01224,Pieter Bruegel
TEST_01225,Peter Paul Rubens
TEST_01226,Vincent van Gogh
TEST_01227,El Greco
TEST_01228,Jan van Eyck
TEST_01229,Sandro Botticelli
TEST_01230,Marc Chagall
TEST_01231,Salvador Dali
TEST_01232,Gustav Klimt
TEST_01233,Paul Klee
TEST_01234,Vincent van Gogh
TEST_01235,Paul Klee
TEST_01236,Sandro Botticelli
TEST_01237,Vincent van Gogh
TEST_01238,Jan van Eyck
TEST_01239,Rembrandt
TEST_01240,Leonardo da Vinci
TEST_01241,Pierre-Auguste Renoir
TEST_01242,Edouard Manet
TEST_01243,Pieter Bruegel
TEST_01244,Diego Rivera
TEST_01245,Pieter Bruegel
TEST_01246,Jan van Eyck
TEST_01247,Vincent van Gogh
TEST_01248,Paul Gauguin
TEST_01249,Pieter Bruegel
TEST_01250,Gustav Klimt
TEST_01251,Paul Klee
TEST_01252,Jackson Pollock
TEST_01253,Francisco Goya
TEST_01254,Leonardo da Vinci
TEST_01255,Paul Cezanne
TEST_01256,Jan van Eyck
TEST_01257,Vincent van Gogh
TEST_01258,Vincent van Gogh
TEST_01259,Vincent van Gogh
TEST_01260,El Greco
TEST_01261,Gustav Klimt
TEST_01262,Leonardo da Vinci
TEST_01263,Marc Chagall
TEST_01264,Georges Seurat
TEST_01265,Vincent van Gogh
TEST_01266,Jan van Eyck
TEST_01267,Paul Klee
TEST_01268,Peter Paul Rubens
TEST_01269,Leonardo da Vinci
TEST_01270,Peter Paul Rubens
TEST_01271,Andy Warhol
TEST_01272,Paul Gauguin
TEST_01273,El Greco
TEST_01274,Jan van Eyck
TEST_01275,Kazimir Malevich
TEST_01276,Paul Klee
TEST_01277,Gustav Klimt
TEST_01278,Piet Mondrian
TEST_01279,Pierre-Auguste Renoir
TEST_01280,Rene Magritte
TEST_01281,Gustav Klimt
TEST_01282,Giotto di Bondone
TEST_01283,Leonardo da Vinci
TEST_01284,Albrecht Du rer
TEST_01285,Pierre-Auguste Renoir
TEST_01286,Claude Monet
TEST_01287,Francisco Goya
TEST_01288,Leonardo da Vinci
TEST_01289,Pierre-Auguste Renoir
TEST_01290,Paul Klee
TEST_01291,El Greco
TEST_01292,Piet Mondrian
TEST_01293,Sandro Botticelli
TEST_01294,Leonardo da Vinci
TEST_01295,Kazimir Malevich
TEST_01296,Piet Mondrian
TEST_01297,Sandro Botticelli
TEST_01298,Pierre-Auguste Renoir
TEST_01299,Piet Mondrian
TEST_01300,Pieter Bruegel
TEST_01301,Gustav Klimt
TEST_01302,William Turner
TEST_01303,Alfred Sisley
TEST_01304,Kazimir Malevich
TEST_01305,Andrei Rublev
TEST_01306,Giotto di Bondone
TEST_01307,Leonardo da Vinci
TEST_01308,Pablo Picasso
TEST_01309,Jan van Eyck
TEST_01310,Diego Rivera
TEST_01311,Leonardo da Vinci
TEST_01312,Vincent van Gogh
TEST_01313,Frida Kahlo
TEST_01314,Gustav Klimt
TEST_01315,Edouard Manet
TEST_01316,Giotto di Bondone
TEST_01317,Pablo Picasso
TEST_01318,El Greco
TEST_01319,Albrecht Du rer
TEST_01320,Salvador Dali
TEST_01321,Marc Chagall
TEST_01322,Leonardo da Vinci
TEST_01323,Raphael
TEST_01324,Mikhail Vrubel
TEST_01325,Giotto di Bondone
TEST_01326,Pieter Bruegel
TEST_01327,William Turner
TEST_01328,Albrecht Du rer
TEST_01329,Andy Warhol
TEST_01330,Vincent van Gogh
TEST_01331,El Greco
TEST_01332,Leonardo da Vinci
TEST_01333,Albrecht Du rer
TEST_01334,Kazimir Malevich
TEST_01335,Georges Seurat
TEST_01336,Albrecht Du rer
TEST_01337,Pieter Bruegel
TEST_01338,Rene Magritte
TEST_01339,Leonardo da Vinci
TEST_01340,Gustav Klimt
TEST_01341,Giotto di Bondone
TEST_01342,Camille Pissarro
TEST_01343,Vincent van Gogh
TEST_01344,Vincent van Gogh
TEST_01345,Albrecht Du rer
TEST_01346,Albrecht Du rer
TEST_01347,William Turner
TEST_01348,Sandro Botticelli
TEST_01349,Pieter Bruegel
TEST_01350,Peter Paul Rubens
TEST_01351,Vincent van Gogh
TEST_01352,El Greco
TEST_01353,Leonardo da Vinci
TEST_01354,Albrecht Du rer
TEST_01355,Rene Magritte
TEST_01356,Jan van Eyck
TEST_01357,Rembrandt
TEST_01358,Georges Seurat
TEST_01359,William Turner
TEST_01360,Albrecht Du rer
TEST_01361,William Turner
TEST_01362,Amedeo Modigliani
TEST_01363,Vincent van Gogh
TEST_01364,Francisco Goya
TEST_01365,Jackson Pollock
TEST_01366,Francisco Goya
TEST_01367,Gustav Klimt
TEST_01368,Frida Kahlo
TEST_01369,Pierre-Auguste Renoir
TEST_01370,Piet Mondrian
TEST_01371,Jackson Pollock
TEST_01372,Paul Gauguin
TEST_01373,Marc Chagall
TEST_01374,Gustav Klimt
TEST_01375,Andy Warhol
TEST_01376,Camille Pissarro
TEST_01377,Vincent van Gogh
TEST_01378,Gustav Klimt
TEST_01379,Paul Gauguin
TEST_01380,Kazimir Malevich
TEST_01381,Salvador Dali
TEST_01382,Pablo Picasso
TEST_01383,Mikhail Vrubel
TEST_01384,Andy Warhol
TEST_01385,Kazimir Malevich
TEST_01386,Leonardo da Vinci
TEST_01387,Kazimir Malevich
TEST_01388,Leonardo da Vinci
TEST_01389,Joan Miro
TEST_01390,Paul Gauguin
TEST_01391,Titian
TEST_01392,Vincent van Gogh
TEST_01393,Giotto di Bondone
TEST_01394,Rene Magritte
TEST_01395,Pieter Bruegel
TEST_01396,Frida Kahlo
TEST_01397,Pieter Bruegel
TEST_01398,Kazimir Malevich
TEST_01399,Gustav Klimt
TEST_01400,Leonardo da Vinci
TEST_01401,Marc Chagall
TEST_01402,Gustav Klimt
TEST_01403,Sandro Botticelli
TEST_01404,Marc Chagall
TEST_01405,Albrecht Du rer
TEST_01406,Paul Gauguin
TEST_01407,Peter Paul Rubens
TEST_01408,Alfred Sisley
TEST_01409,Vincent van Gogh
TEST_01410,Leonardo da Vinci
TEST_01411,Gustav Klimt
TEST_01412,Vincent van Gogh
TEST_01413,Francisco Goya
TEST_01414,Pierre-Auguste Renoir
TEST_01415,Piet Mondrian
TEST_01416,Sandro Botticelli
TEST_01417,Giotto di Bondone
TEST_01418,Alfred Sisley
TEST_01419,Leonardo da Vinci
TEST_01420,Francisco Goya
TEST_01421,Albrecht Du rer
TEST_01422,Peter Paul Rubens
TEST_01423,Paul Klee
TEST_01424,Rene Magritte
TEST_01425,Vincent van Gogh
TEST_01426,Rembrandt
TEST_01427,Sandro Botticelli
TEST_01428,Vincent van Gogh
TEST_01429,Titian
TEST_01430,Francisco Goya
TEST_01431,Albrecht Du rer
TEST_01432,Gustav Klimt
TEST_01433,Leonardo da Vinci
TEST_01434,Rembrandt
TEST_01435,Leonardo da Vinci
TEST_01436,El Greco
TEST_01437,Jan van Eyck
TEST_01438,Paul Gauguin
TEST_01439,Vincent van Gogh
TEST_01440,Rembrandt
TEST_01441,Rembrandt
TEST_01442,Edouard Manet
TEST_01443,Alfred Sisley
TEST_01444,Peter Paul Rubens
TEST_01445,Albrecht Du rer
TEST_01446,Albrecht Du rer
TEST_01447,Vincent van Gogh
TEST_01448,Alfred Sisley
TEST_01449,Mikhail Vrubel
TEST_01450,Alfred Sisley
TEST_01451,Henri Matisse
TEST_01452,Jan van Eyck
TEST_01453,Jackson Pollock
TEST_01454,Peter Paul Rubens
TEST_01455,Peter Paul Rubens
TEST_01456,Leonardo da Vinci
TEST_01457,Francisco Goya
TEST_01458,Albrecht Du rer
TEST_01459,Vincent van Gogh
TEST_01460,Eugene Delacroix
TEST_01461,Pieter Bruegel
TEST_01462,Claude Monet
TEST_01463,Paul Klee
TEST_01464,Andrei Rublev
TEST_01465,Francisco Goya
TEST_01466,Giotto di Bondone
TEST_01467,Leonardo da Vinci
TEST_01468,Leonardo da Vinci
TEST_01469,Raphael
TEST_01470,Albrecht Du rer
TEST_01471,Frida Kahlo
TEST_01472,William Turner
TEST_01473,Paul Gauguin
TEST_01474,Francisco Goya
TEST_01475,El Greco
TEST_01476,Francisco Goya
TEST_01477,Pierre-Auguste Renoir
TEST_01478,Pierre-Auguste Renoir
TEST_01479,Leonardo da Vinci
TEST_01480,Gustav Klimt
TEST_01481,William Turner
TEST_01482,Pierre-Auguste Renoir
TEST_01483,Vincent van Gogh
TEST_01484,Rembrandt
TEST_01485,Albrecht Du rer
TEST_01486,Caravaggio
TEST_01487,Giotto di Bondone
TEST_01488,Jan van Eyck
TEST_01489,Paul Klee
TEST_01490,Francisco Goya
TEST_01491,Pieter Bruegel
TEST_01492,Gustav Klimt
TEST_01493,Vincent van Gogh
TEST_01494,Jackson Pollock
TEST_01495,Pierre-Auguste Renoir
TEST_01496,Gustav Klimt
TEST_01497,Hieronymus Bosch
TEST_01498,Vincent van Gogh
TEST_01499,El Greco
TEST_01500,Kazimir Malevich
TEST_01501,Paul Gauguin
TEST_01502,Pieter Bruegel
TEST_01503,Vincent van Gogh
TEST_01504,Amedeo Modigliani
TEST_01505,Alfred Sisley
TEST_01506,Pieter Bruegel
TEST_01507,Francisco Goya
TEST_01508,El Greco
TEST_01509,Alfred Sisley
TEST_01510,Piet Mondrian
TEST_01511,Andrei Rublev
TEST_01512,Paul Gauguin
TEST_01513,Edouard Manet
TEST_01514,Gustav Klimt
TEST_01515,Peter Paul Rubens
TEST_01516,Vincent van Gogh
TEST_01517,Peter Paul Rubens
TEST_01518,Gustave Courbet
TEST_01519,Pierre-Auguste Renoir
TEST_01520,Pablo Picasso
TEST_01521,Leonardo da Vinci
TEST_01522,Rene Magritte
TEST_01523,Paul Klee
TEST_01524,Francisco Goya
TEST_01525,Pieter Bruegel
TEST_01526,Leonardo da Vinci
TEST_01527,Albrecht Du rer
TEST_01528,Leonardo da Vinci
TEST_01529,Paul Klee
TEST_01530,Jackson Pollock
TEST_01531,Sandro Botticelli
TEST_01532,William Turner
TEST_01533,Andy Warhol
TEST_01534,Georges Seurat
TEST_01535,Piet Mondrian
TEST_01536,Paul Gauguin
TEST_01537,Vincent van Gogh
TEST_01538,Albrecht Du rer
TEST_01539,Kazimir Malevich
TEST_01540,Jan van Eyck
TEST_01541,Pieter Bruegel
TEST_01542,Peter Paul Rubens
TEST_01543,Camille Pissarro
TEST_01544,Albrecht Du rer
TEST_01545,Vincent van Gogh
TEST_01546,Vincent van Gogh
TEST_01547,Peter Paul Rubens
TEST_01548,Francisco Goya
TEST_01549,Titian
TEST_01550,Albrecht Du rer
TEST_01551,Albrecht Du rer
TEST_01552,Kazimir Malevich
TEST_01553,Jan van Eyck
TEST_01554,Vincent van Gogh
TEST_01555,Albrecht Du rer
TEST_01556,Diego Rivera
TEST_01557,Pierre-Auguste Renoir
TEST_01558,El Greco
TEST_01559,Andy Warhol
TEST_01560,Vincent van Gogh
TEST_01561,Vincent van Gogh
TEST_01562,Camille Pissarro
TEST_01563,Pierre-Auguste Renoir
TEST_01564,Vincent van Gogh
TEST_01565,Leonardo da Vinci
TEST_01566,Salvador Dali
TEST_01567,Pablo Picasso
TEST_01568,Albrecht Du rer
TEST_01569,Vincent van Gogh
TEST_01570,Diego Rivera
TEST_01571,Leonardo da Vinci
TEST_01572,Edgar Degas
TEST_01573,Peter Paul Rubens
TEST_01574,Albrecht Du rer
TEST_01575,Gustav Klimt
TEST_01576,Piet Mondrian
TEST_01577,Gustav Klimt
TEST_01578,Marc Chagall
TEST_01579,Titian
TEST_01580,Pieter Bruegel
TEST_01581,Giotto di Bondone
TEST_01582,Camille Pissarro
TEST_01583,El Greco
TEST_01584,Camille Pissarro
TEST_01585,Leonardo da Vinci
TEST_01586,Andy Warhol
TEST_01587,Francisco Goya
TEST_01588,Salvador Dali
TEST_01589,Kazimir Malevich
TEST_01590,William Turner
TEST_01591,Henri de Toulouse-Lautrec
TEST_01592,Marc Chagall
TEST_01593,Gustav Klimt
TEST_01594,Gustav Klimt
TEST_01595,Francisco Goya
TEST_01596,Andrei Rublev
TEST_01597,Rembrandt
TEST_01598,Caravaggio
TEST_01599,Piet Mondrian
TEST_01600,Albrecht Du rer
TEST_01601,Sandro Botticelli
TEST_01602,Albrecht Du rer
TEST_01603,Paul Klee
TEST_01604,Francisco Goya
TEST_01605,Vincent van Gogh
TEST_01606,Joan Miro
TEST_01607,Marc Chagall
TEST_01608,Mikhail Vrubel
TEST_01609,Peter Paul Rubens
TEST_01610,Leonardo da Vinci
TEST_01611,Leonardo da Vinci
TEST_01612,Vincent van Gogh
TEST_01613,Peter Paul Rubens
TEST_01614,Camille Pissarro
TEST_01615,Paul Klee
TEST_01616,Marc Chagall
TEST_01617,Jan van Eyck
TEST_01618,Frida Kahlo
TEST_01619,Pieter Bruegel
TEST_01620,Caravaggio
TEST_01621,Jackson Pollock
TEST_01622,Albrecht Du rer
TEST_01623,Vincent van Gogh
TEST_01624,Titian
TEST_01625,Vincent van Gogh
TEST_01626,Andrei Rublev
TEST_01627,Leonardo da Vinci
TEST_01628,Jan van Eyck
TEST_01629,Caravaggio
TEST_01630,Piet Mondrian
TEST_01631,Marc Chagall
TEST_01632,Pieter Bruegel
TEST_01633,William Turner
TEST_01634,Albrecht Du rer
TEST_01635,Leonardo da Vinci
TEST_01636,Leonardo da Vinci
TEST_01637,William Turner
TEST_01638,Gustav Klimt
TEST_01639,Francisco Goya
TEST_01640,Alfred Sisley
TEST_01641,Paul Klee
TEST_01642,Joan Miro
TEST_01643,Pierre-Auguste Renoir
TEST_01644,Albrecht Du rer
TEST_01645,Pierre-Auguste Renoir
TEST_01646,Gustav Klimt
TEST_01647,Rene Magritte
TEST_01648,Vincent van Gogh
TEST_01649,Sandro Botticelli
TEST_01650,Francisco Goya
TEST_01651,Pieter Bruegel
TEST_01652,Vincent van Gogh
TEST_01653,Pierre-Auguste Renoir
TEST_01654,Peter Paul Rubens
TEST_01655,Rembrandt
TEST_01656,Pablo Picasso
TEST_01657,Camille Pissarro
TEST_01658,Paul Gauguin
TEST_01659,Pierre-Auguste Renoir
TEST_01660,Salvador Dali
TEST_01661,Jan van Eyck
TEST_01662,Vincent van Gogh
TEST_01663,Francisco Goya
TEST_01664,Pieter Bruegel
TEST_01665,Pieter Bruegel
TEST_01666,Piet Mondrian
TEST_01667,Paul Gauguin
TEST_01668,Alfred Sisley
TEST_01669,Alfred Sisley
TEST_01670,Albrecht Du rer
TEST_01671,Frida Kahlo
TEST_01672,Vincent van Gogh
TEST_01673,Diego Rivera
TEST_01674,Giotto di Bondone
TEST_01675,Marc Chagall
TEST_01676,Paul Klee
TEST_01677,Francisco Goya
TEST_01678,Kazimir Malevich
TEST_01679,Albrecht Du rer
TEST_01680,Mikhail Vrubel
TEST_01681,Diego Rivera
TEST_01682,Francisco Goya
TEST_01683,Vincent van Gogh
TEST_01684,Rene Magritte
TEST_01685,Leonardo da Vinci
TEST_01686,Peter Paul Rubens
TEST_01687,Leonardo da Vinci
TEST_01688,Mikhail Vrubel
TEST_01689,Camille Pissarro
TEST_01690,Giotto di Bondone
TEST_01691,Andy Warhol
TEST_01692,Pieter Bruegel
TEST_01693,Jan van Eyck
TEST_01694,Kazimir Malevich
TEST_01695,Pieter Bruegel
TEST_01696,William Turner
TEST_01697,Pieter Bruegel
TEST_01698,Piet Mondrian
TEST_01699,El Greco
TEST_01700,Diego Rivera
TEST_01701,Rembrandt
TEST_01702,Paul Klee
TEST_01703,Vincent van Gogh
TEST_01704,Jan van Eyck
TEST_01705,Jackson Pollock
TEST_01706,Vincent van Gogh
TEST_01707,William Turner
TEST_01708,Leonardo da Vinci
TEST_01709,William Turner
TEST_01710,Vincent van Gogh
TEST_01711,Vincent van Gogh
TEST_01712,Piet Mondrian
TEST_01713,El Greco
TEST_01714,Leonardo da Vinci
TEST_01715,Frida Kahlo
TEST_01716,Gustav Klimt
TEST_01717,Camille Pissarro
TEST_01718,Rene Magritte
TEST_01719,Paul Gauguin
TEST_01720,Leonardo da Vinci
TEST_01721,Albrecht Du rer
TEST_01722,William Turner
TEST_01723,Mikhail Vrubel
TEST_01724,Pieter Bruegel
TEST_01725,Mikhail Vrubel
TEST_01726,Jan van Eyck
TEST_01727,Pieter Bruegel
TEST_01728,Andrei Rublev
TEST_01729,Albrecht Du rer
TEST_01730,Jan van Eyck
TEST_01731,Albrecht Du rer
TEST_01732,Paul Gauguin
TEST_01733,Leonardo da Vinci
TEST_01734,Diego Rivera
TEST_01735,Georges Seurat
TEST_01736,Vincent van Gogh
TEST_01737,Gustav Klimt
TEST_01738,Gustav Klimt
TEST_01739,Albrecht Du rer
TEST_01740,Pieter Bruegel
TEST_01741,Camille Pissarro
TEST_01742,Giotto di Bondone
TEST_01743,Alfred Sisley
TEST_01744,Gustav Klimt
TEST_01745,Andy Warhol
TEST_01746,Raphael
TEST_01747,Gustav Klimt
TEST_01748,Titian
TEST_01749,Kazimir Malevich
TEST_01750,Kazimir Malevich
TEST_01751,Pieter Bruegel
TEST_01752,Kazimir Malevich
TEST_01753,Diego Rivera
TEST_01754,Marc Chagall
TEST_01755,Pieter Bruegel
TEST_01756,Vincent van Gogh
TEST_01757,Sandro Botticelli
TEST_01758,Paul Klee
TEST_01759,Raphael
TEST_01760,Gustav Klimt
TEST_01761,Jackson Pollock
TEST_01762,Francisco Goya
TEST_01763,Vincent van Gogh
TEST_01764,Georges Seurat
TEST_01765,Pierre-Auguste Renoir
TEST_01766,Leonardo da Vinci
TEST_01767,Georges Seurat
TEST_01768,Jan van Eyck
TEST_01769,Leonardo da Vinci
TEST_01770,Pablo Picasso
TEST_01771,Camille Pissarro
TEST_01772,Vincent van Gogh
TEST_01773,Jan van Eyck
TEST_01774,Albrecht Du rer
TEST_01775,William Turner
TEST_01776,William Turner
TEST_01777,Pieter Bruegel
TEST_01778,Francisco Goya
TEST_01779,Pieter Bruegel
TEST_01780,Pierre-Auguste Renoir
TEST_01781,Camille Pissarro
TEST_01782,Leonardo da Vinci
TEST_01783,Jan van Eyck
TEST_01784,Leonardo da Vinci
TEST_01785,Paul Klee
TEST_01786,Pieter Bruegel
TEST_01787,Rene Magritte
TEST_01788,Leonardo da Vinci
TEST_01789,Hieronymus Bosch
TEST_01790,Piet Mondrian
TEST_01791,Paul Gauguin
TEST_01792,Pierre-Auguste Renoir
TEST_01793,Marc Chagall
TEST_01794,Camille Pissarro
TEST_01795,Titian
TEST_01796,Georges Seurat
TEST_01797,Francisco Goya
TEST_01798,Paul Gauguin
TEST_01799,Albrecht Du rer
TEST_01800,Paul Klee
TEST_01801,Pieter Bruegel
TEST_01802,Henri Matisse
TEST_01803,Jan van Eyck
TEST_01804,Hieronymus Bosch
TEST_01805,Albrecht Du rer
TEST_01806,Jan van Eyck
TEST_01807,Hieronymus Bosch
TEST_01808,Georges Seurat
TEST_01809,Alfred Sisley
TEST_01810,Pierre-Auguste Renoir
TEST_01811,Eugene Delacroix
TEST_01812,Pieter Bruegel
TEST_01813,El Greco
TEST_01814,Vincent van Gogh
TEST_01815,Titian
TEST_01816,Leonardo da Vinci
TEST_01817,Paul Klee
TEST_01818,Vincent van Gogh
TEST_01819,Francisco Goya
TEST_01820,Alfred Sisley
TEST_01821,Francisco Goya
TEST_01822,Marc Chagall
TEST_01823,Camille Pissarro
TEST_01824,Albrecht Du rer
TEST_01825,Vincent van Gogh
TEST_01826,Pieter Bruegel
TEST_01827,Albrecht Du rer
TEST_01828,Pierre-Auguste Renoir
TEST_01829,Marc Chagall
TEST_01830,Sandro Botticelli
TEST_01831,Andy Warhol
TEST_01832,Kazimir Malevich
TEST_01833,Sandro Botticelli
TEST_01834,Francisco Goya
TEST_01835,El Greco
TEST_01836,Frida Kahlo
TEST_01837,Henri Matisse
TEST_01838,Kazimir Malevich
TEST_01839,Pierre-Auguste Renoir
TEST_01840,Albrecht Du rer
TEST_01841,Leonardo da Vinci
TEST_01842,Jan van Eyck
TEST_01843,Pieter Bruegel
TEST_01844,Camille Pissarro
TEST_01845,Diego Rivera
TEST_01846,Pierre-Auguste Renoir
TEST_01847,Edvard Munch
TEST_01848,Albrecht Du rer
TEST_01849,Pierre-Auguste Renoir
TEST_01850,Andy Warhol
TEST_01851,Marc Chagall
TEST_01852,Francisco Goya
TEST_01853,Kazimir Malevich
TEST_01854,William Turner
TEST_01855,Andrei Rublev
TEST_01856,Gustav Klimt
TEST_01857,Andrei Rublev
TEST_01858,Pierre-Auguste Renoir
TEST_01859,Albrecht Du rer
TEST_01860,Paul Klee
TEST_01861,Leonardo da Vinci
TEST_01862,Pieter Bruegel
TEST_01863,Gustav Klimt
TEST_01864,Salvador Dali
TEST_01865,Piet Mondrian
TEST_01866,Jan van Eyck
TEST_01867,Rene Magritte
TEST_01868,Paul Gauguin
TEST_01869,Pieter Bruegel
TEST_01870,Gustav Klimt
TEST_01871,Marc Chagall
TEST_01872,Leonardo da Vinci
TEST_01873,Leonardo da Vinci
TEST_01874,Alfred Sisley
TEST_01875,Francisco Goya
TEST_01876,Vincent van Gogh
TEST_01877,Paul Gauguin
TEST_01878,Pierre-Auguste Renoir
TEST_01879,Gustav Klimt
TEST_01880,Kazimir Malevich
TEST_01881,Pierre-Auguste Renoir
TEST_01882,Gustave Courbet
TEST_01883,Mikhail Vrubel
TEST_01884,Sandro Botticelli
TEST_01885,Albrecht Du rer
TEST_01886,Jan van Eyck
TEST_01887,Claude Monet
TEST_01888,Pieter Bruegel
TEST_01889,Mikhail Vrubel
TEST_01890,Pablo Picasso
TEST_01891,Andy Warhol
TEST_01892,Sandro Botticelli
TEST_01893,Camille Pissarro
TEST_01894,Leonardo da Vinci
TEST_01895,Titian
TEST_01896,Francisco Goya
TEST_01897,Alfred Sisley
TEST_01898,El Greco
TEST_01899,Andy Warhol
TEST_01900,Francisco Goya
TEST_01901,El Greco
TEST_01902,Jackson Pollock
TEST_01903,Paul Klee
TEST_01904,Jan van Eyck
TEST_01905,Andy Warhol
TEST_01906,Marc Chagall
TEST_01907,Jan van Eyck
TEST_01908,Peter Paul Rubens
TEST_01909,Jan van Eyck
TEST_01910,Pablo Picasso
TEST_01911,Jan van Eyck
TEST_01912,Vincent van Gogh
TEST_01913,Andy Warhol
TEST_01914,Caravaggio
TEST_01915,Alfred Sisley
TEST_01916,Francisco Goya
TEST_01917,Andy Warhol
TEST_01918,Andy Warhol
TEST_01919,Georges Seurat
TEST_01920,Paul Gauguin
TEST_01921,Mikhail Vrubel
TEST_01922,Titian
TEST_01923,Paul Gauguin
TEST_01924,Vincent van Gogh
TEST_01925,Francisco Goya
TEST_01926,Mikhail Vrubel
TEST_01927,Mikhail Vrubel
TEST_01928,Paul Klee
TEST_01929,Albrecht Du rer
TEST_01930,Rene Magritte
TEST_01931,Albrecht Du rer
TEST_01932,Paul Klee
TEST_01933,Albrecht Du rer
TEST_01934,Rembrandt
TEST_01935,Andrei Rublev
TEST_01936,Leonardo da Vinci
TEST_01937,Jan van Eyck
TEST_01938,Mikhail Vrubel
TEST_01939,Jan van Eyck
TEST_01940,Sandro Botticelli
TEST_01941,Giotto di Bondone
TEST_01942,Diego Rivera
TEST_01943,Rembrandt
TEST_01944,Andy Warhol
TEST_01945,Vincent van Gogh
TEST_01946,Sandro Botticelli
TEST_01947,Paul Klee
TEST_01948,Albrecht Du rer
TEST_01949,Albrecht Du rer
TEST_01950,Peter Paul Rubens
TEST_01951,Paul Gauguin
TEST_01952,Kazimir Malevich
TEST_01953,Pablo Picasso
TEST_01954,Gustav Klimt
TEST_01955,Mikhail Vrubel
TEST_01956,Pierre-Auguste Renoir
TEST_01957,Gustav Klimt
TEST_01958,Sandro Botticelli
TEST_01959,Rembrandt
TEST_01960,Leonardo da Vinci
TEST_01961,Paul Klee
TEST_01962,Rene Magritte
TEST_01963,Paul Klee
TEST_01964,Georges Seurat
TEST_01965,Francisco Goya
TEST_01966,Giotto di Bondone
TEST_01967,Raphael
TEST_01968,Leonardo da Vinci
TEST_01969,Jan van Eyck
TEST_01970,Albrecht Du rer
TEST_01971,Camille Pissarro
TEST_01972,Andrei Rublev
TEST_01973,Gustav Klimt
TEST_01974,Frida Kahlo
TEST_01975,Albrecht Du rer
TEST_01976,Raphael
TEST_01977,Kazimir Malevich
TEST_01978,Titian
TEST_01979,Marc Chagall
TEST_01980,Rene Magritte
TEST_01981,Francisco Goya
TEST_01982,Pierre-Auguste Renoir
TEST_01983,Sandro Botticelli
TEST_01984,Vasiliy Kandinskiy
TEST_01985,Camille Pissarro
TEST_01986,Leonardo da Vinci
TEST_01987,Vincent van Gogh
TEST_01988,Gustav Klimt
TEST_01989,Francisco Goya
TEST_01990,Pierre-Auguste Renoir
TEST_01991,Kazimir Malevich
TEST_01992,Rene Magritte
TEST_01993,Andy Warhol
TEST_01994,Jan van Eyck
TEST_01995,Pieter Bruegel
TEST_01996,Diego Rivera
TEST_01997,William Turner
TEST_01998,Georges Seurat
TEST_01999,Pieter Bruegel
TEST_02000,Frida Kahlo
TEST_02001,Joan Miro
TEST_02002,Jackson Pollock
TEST_02003,Gustav Klimt
TEST_02004,Marc Chagall
TEST_02005,Jan van Eyck
TEST_02006,Albrecht Du rer
TEST_02007,Leonardo da Vinci
TEST_02008,Albrecht Du rer
TEST_02009,El Greco
TEST_02010,El Greco
TEST_02011,Georges Seurat
TEST_02012,Mikhail Vrubel
TEST_02013,Peter Paul Rubens
TEST_02014,Jan van Eyck
TEST_02015,Pablo Picasso
TEST_02016,Alfred Sisley
TEST_02017,Leonardo da Vinci
TEST_02018,Albrecht Du rer
TEST_02019,Vincent van Gogh
TEST_02020,Diego Rivera
TEST_02021,Francisco Goya
TEST_02022,Vincent van Gogh
TEST_02023,Pieter Bruegel
TEST_02024,Caravaggio
TEST_02025,Pierre-Auguste Renoir
TEST_02026,Mikhail Vrubel
TEST_02027,Kazimir Malevich
TEST_02028,Vincent van Gogh
TEST_02029,Giotto di Bondone
TEST_02030,El Greco
TEST_02031,Georges Seurat
TEST_02032,Kazimir Malevich
TEST_02033,El Greco
TEST_02034,Pierre-Auguste Renoir
TEST_02035,El Greco
TEST_02036,Paul Gauguin
TEST_02037,Francisco Goya
TEST_02038,Leonardo da Vinci
TEST_02039,Pierre-Auguste Renoir
TEST_02040,Leonardo da Vinci
TEST_02041,Jan van Eyck
TEST_02042,Diego Rivera
TEST_02043,Vincent van Gogh
TEST_02044,Vincent van Gogh
TEST_02045,Giotto di Bondone
TEST_02046,Albrecht Du rer
TEST_02047,El Greco
TEST_02048,William Turner
TEST_02049,Caravaggio
TEST_02050,Leonardo da Vinci
TEST_02051,Francisco Goya
TEST_02052,Paul Klee
TEST_02053,Pierre-Auguste Renoir
TEST_02054,Rembrandt
TEST_02055,Kazimir Malevich
TEST_02056,Jan van Eyck
TEST_02057,Pablo Picasso
TEST_02058,Albrecht Du rer
TEST_02059,Paul Gauguin
TEST_02060,Pieter Bruegel
TEST_02061,Sandro Botticelli
TEST_02062,Raphael
TEST_02063,Rembrandt
TEST_02064,Paul Klee
TEST_02065,Gustav Klimt
TEST_02066,Francisco Goya
TEST_02067,Pierre-Auguste Renoir
TEST_02068,Gustav Klimt
TEST_02069,Francisco Goya
TEST_02070,Peter Paul Rubens
TEST_02071,Camille Pissarro
TEST_02072,Alfred Sisley
TEST_02073,Leonardo da Vinci
TEST_02074,Albrecht Du rer
TEST_02075,Vincent van Gogh
TEST_02076,Vincent van Gogh
TEST_02077,Peter Paul Rubens
TEST_02078,Leonardo da Vinci
TEST_02079,Pablo Picasso
TEST_02080,William Turner
TEST_02081,Jackson Pollock
TEST_02082,Pieter Bruegel
TEST_02083,Giotto di Bondone
TEST_02084,Jan van Eyck
TEST_02085,Frida Kahlo
TEST_02086,Pablo Picasso
TEST_02087,Vincent van Gogh
TEST_02088,Francisco Goya
TEST_02089,Pierre-Auguste Renoir
TEST_02090,Kazimir Malevich
TEST_02091,Piet Mondrian
TEST_02092,Vincent van Gogh
TEST_02093,Vincent van Gogh
TEST_02094,Pieter Bruegel
TEST_02095,Pierre-Auguste Renoir
TEST_02096,Pierre-Auguste Renoir
TEST_02097,Piet Mondrian
TEST_02098,Mikhail Vrubel
TEST_02099,Jan van Eyck
TEST_02100,Alfred Sisley
TEST_02101,Jan van Eyck
TEST_02102,Francisco Goya
TEST_02103,Jan van Eyck
TEST_02104,Leonardo da Vinci
TEST_02105,Rembrandt
TEST_02106,William Turner
TEST_02107,Albrecht Du rer
TEST_02108,William Turner
TEST_02109,Paul Klee
TEST_02110,Vincent van Gogh
TEST_02111,Vincent van Gogh
TEST_02112,Diego Rivera
TEST_02113,El Greco
TEST_02114,Albrecht Du rer
TEST_02115,Pierre-Auguste Renoir
TEST_02116,Piet Mondrian
TEST_02117,Pierre-Auguste Renoir
TEST_02118,Peter Paul Rubens
TEST_02119,Alfred Sisley
TEST_02120,William Turner
TEST_02121,Caravaggio
TEST_02122,Leonardo da Vinci
TEST_02123,Paul Klee
TEST_02124,Leonardo da Vinci
TEST_02125,Paul Gauguin
TEST_02126,Frida Kahlo
TEST_02127,Raphael
TEST_02128,Giotto di Bondone
TEST_02129,Jan van Eyck
TEST_02130,Kazimir Malevich
TEST_02131,Kazimir Malevich
TEST_02132,Marc Chagall
TEST_02133,El Greco
TEST_02134,Pieter Bruegel
TEST_02135,Pieter Bruegel
TEST_02136,Paul Klee
TEST_02137,Vincent van Gogh
TEST_02138,Francisco Goya
TEST_02139,Frida Kahlo
TEST_02140,Gustav Klimt
TEST_02141,Pieter Bruegel
TEST_02142,Mikhail Vrubel
TEST_02143,El Greco
TEST_02144,Gustav Klimt
TEST_02145,Rene Magritte
TEST_02146,Rembrandt
TEST_02147,Leonardo da Vinci
TEST_02148,Alfred Sisley
TEST_02149,Salvador Dali
TEST_02150,Jackson Pollock
TEST_02151,Francisco Goya
TEST_02152,Vincent van Gogh
TEST_02153,Alfred Sisley
TEST_02154,Vincent van Gogh
TEST_02155,Paul Klee
TEST_02156,Vincent van Gogh
TEST_02157,Leonardo da Vinci
TEST_02158,Leonardo da Vinci
TEST_02159,Pierre-Auguste Renoir
TEST_02160,Pierre-Auguste Renoir
TEST_02161,Diego Velazquez
TEST_02162,Vincent van Gogh
TEST_02163,Diego Rivera
TEST_02164,Vincent van Gogh
TEST_02165,Pierre-Auguste Renoir
TEST_02166,Francisco Goya
TEST_02167,Leonardo da Vinci
TEST_02168,Francisco Goya
TEST_02169,Francisco Goya
TEST_02170,Marc Chagall
TEST_02171,Leonardo da Vinci
TEST_02172,Rembrandt
TEST_02173,Albrecht Du rer
TEST_02174,Alfred Sisley
TEST_02175,Pieter Bruegel
TEST_02176,Paul Klee
TEST_02177,Peter Paul Rubens
TEST_02178,Vincent van Gogh
TEST_02179,Paul Klee
TEST_02180,Vincent van Gogh
TEST_02181,Peter Paul Rubens
TEST_02182,Albrecht Du rer
TEST_02183,Jan van Eyck
TEST_02184,Pablo Picasso
TEST_02185,Rembrandt
TEST_02186,Pieter Bruegel
TEST_02187,Alfred Sisley
TEST_02188,Georges Seurat
TEST_02189,Salvador Dali
TEST_02190,Hieronymus Bosch
TEST_02191,Pierre-Auguste Renoir
TEST_02192,Vincent van Gogh
TEST_02193,Titian
TEST_02194,Titian
TEST_02195,Jackson Pollock
TEST_02196,Giotto di Bondone
TEST_02197,Leonardo da Vinci
TEST_02198,Vincent van Gogh
TEST_02199,Michelangelo
TEST_02200,Paul Klee
TEST_02201,Piet Mondrian
TEST_02202,Vincent van Gogh
TEST_02203,Michelangelo
TEST_02204,Leonardo da Vinci
TEST_02205,Pieter Bruegel
TEST_02206,El Greco
TEST_02207,Albrecht Du rer
TEST_02208,Leonardo da Vinci
TEST_02209,Vincent van Gogh
TEST_02210,Leonardo da Vinci
TEST_02211,Jan van Eyck
TEST_02212,Rene Magritte
TEST_02213,Kazimir Malevich
TEST_02214,Andy Warhol
TEST_02215,Giotto di Bondone
TEST_02216,Vincent van Gogh
TEST_02217,Marc Chagall
TEST_02218,Francisco Goya
TEST_02219,Jan van Eyck
TEST_02220,Leonardo da Vinci
TEST_02221,Vincent van Gogh
TEST_02222,Vincent van Gogh
TEST_02223,Pierre-Auguste Renoir
TEST_02224,Diego Rivera
TEST_02225,Joan Miro
TEST_02226,Jan van Eyck
TEST_02227,Paul Klee
TEST_02228,Paul Cezanne
TEST_02229,Sandro Botticelli
TEST_02230,William Turner
TEST_02231,Paul Gauguin
TEST_02232,Albrecht Du rer
TEST_02233,Albrecht Du rer
TEST_02234,Pieter Bruegel
TEST_02235,Alfred Sisley
TEST_02236,Titian
TEST_02237,Vincent van Gogh
TEST_02238,Pierre-Auguste Renoir
TEST_02239,Salvador Dali
TEST_02240,Francisco Goya
TEST_02241,Albrecht Du rer
TEST_02242,Vincent van Gogh
TEST_02243,Francisco Goya
TEST_02244,William Turner
TEST_02245,Leonardo da Vinci
TEST_02246,Jan van Eyck
TEST_02247,Marc Chagall
TEST_02248,Edouard Manet
TEST_02249,William Turner
TEST_02250,Jan van Eyck
TEST_02251,Leonardo da Vinci
TEST_02252,Paul Klee
TEST_02253,Titian
TEST_02254,Alfred Sisley
TEST_02255,Leonardo da Vinci
TEST_02256,Sandro Botticelli
TEST_02257,Francisco Goya
TEST_02258,Albrecht Du rer
TEST_02259,Rembrandt
TEST_02260,Gustav Klimt
TEST_02261,Rene Magritte
TEST_02262,Leonardo da Vinci
TEST_02263,Alfred Sisley
TEST_02264,Francisco Goya
TEST_02265,Vincent van Gogh
TEST_02266,Jan van Eyck
TEST_02267,Pierre-Auguste Renoir
TEST_02268,Andrei Rublev
TEST_02269,Giotto di Bondone
TEST_02270,Vincent van Gogh
TEST_02271,Mikhail Vrubel
TEST_02272,Paul Gauguin
TEST_02273,Salvador Dali
TEST_02274,Leonardo da Vinci
TEST_02275,Mikhail Vrubel
TEST_02276,Amedeo Modigliani
TEST_02277,Rene Magritte
TEST_02278,Diego Rivera
TEST_02279,Leonardo da Vinci
TEST_02280,Leonardo da Vinci
TEST_02281,Rembrandt
TEST_02282,Pablo Picasso
TEST_02283,Piet Mondrian
TEST_02284,Leonardo da Vinci
TEST_02285,Marc Chagall
TEST_02286,Francisco Goya
TEST_02287,Vincent van Gogh
TEST_02288,Pieter Bruegel
TEST_02289,Pablo Picasso
TEST_02290,Albrecht Du rer
TEST_02291,Vincent van Gogh
TEST_02292,Piet Mondrian
TEST_02293,Albrecht Du rer
TEST_02294,El Greco
TEST_02295,Kazimir Malevich
TEST_02296,Alfred Sisley
TEST_02297,Leonardo da Vinci
TEST_02298,Pablo Picasso
TEST_02299,Pieter Bruegel
TEST_02300,Camille Pissarro
TEST_02301,Leonardo da Vinci
TEST_02302,Paul Klee
TEST_02303,Pierre-Auguste Renoir
TEST_02304,El Greco
TEST_02305,Sandro Botticelli
TEST_02306,Peter Paul Rubens
TEST_02307,Vincent van Gogh
TEST_02308,Marc Chagall
TEST_02309,Kazimir Malevich
TEST_02310,Jan van Eyck
TEST_02311,Alfred Sisley
TEST_02312,Andy Warhol
TEST_02313,Jan van Eyck
TEST_02314,Rembrandt
TEST_02315,Mikhail Vrubel
TEST_02316,Albrecht Du rer
TEST_02317,Mikhail Vrubel
TEST_02318,Leonardo da Vinci
TEST_02319,Henri de Toulouse-Lautrec
TEST_02320,Kazimir Malevich
TEST_02321,Alfred Sisley
TEST_02322,Vincent van Gogh
TEST_02323,Pierre-Auguste Renoir
TEST_02324,Titian
TEST_02325,Gustav Klimt
TEST_02326,Vincent van Gogh
TEST_02327,Albrecht Du rer
TEST_02328,Pierre-Auguste Renoir
TEST_02329,Paul Gauguin
TEST_02330,Camille Pissarro
TEST_02331,Leonardo da Vinci
TEST_02332,William Turner
TEST_02333,Francisco Goya
TEST_02334,Francisco Goya
TEST_02335,Piet Mondrian
TEST_02336,Jan van Eyck
TEST_02337,Pieter Bruegel
TEST_02338,Peter Paul Rubens
TEST_02339,Leonardo da Vinci
TEST_02340,Joan Miro
TEST_02341,Andrei Rublev
TEST_02342,Sandro Botticelli
TEST_02343,Piet Mondrian
TEST_02344,Vincent van Gogh
TEST_02345,Joan Miro
TEST_02346,Albrecht Du rer
TEST_02347,Marc Chagall
TEST_02348,Leonardo da Vinci
TEST_02349,Leonardo da Vinci
TEST_02350,Henri Matisse
TEST_02351,William Turner
TEST_02352,Georges Seurat
TEST_02353,Paul Klee
TEST_02354,Francisco Goya
TEST_02355,Jan van Eyck
TEST_02356,Sandro Botticelli
TEST_02357,Gustav Klimt
TEST_02358,Rene Magritte
TEST_02359,Kazimir Malevich
TEST_02360,Albrecht Du rer
TEST_02361,Rembrandt
TEST_02362,Albrecht Du rer
TEST_02363,Pierre-Auguste Renoir
TEST_02364,Pablo Picasso
TEST_02365,Pierre-Auguste Renoir
TEST_02366,Leonardo da Vinci
TEST_02367,William Turner
TEST_02368,William Turner
TEST_02369,Pierre-Auguste Renoir
TEST_02370,Paul Gauguin
TEST_02371,Leonardo da Vinci
TEST_02372,Vincent van Gogh
TEST_02373,Pierre-Auguste Renoir
TEST_02374,Leonardo da Vinci
TEST_02375,Gustav Klimt
TEST_02376,Andrei Rublev
TEST_02377,Albrecht Du rer
TEST_02378,Kazimir Malevich
TEST_02379,Henri Matisse
TEST_02380,Vincent van Gogh
TEST_02381,Vincent van Gogh
TEST_02382,Francisco Goya
TEST_02383,Leonardo da Vinci
TEST_02384,Kazimir Malevich
TEST_02385,Paul Gauguin
TEST_02386,William Turner
TEST_02387,Marc Chagall
TEST_02388,Pieter Bruegel
TEST_02389,Diego Rivera
TEST_02390,Marc Chagall
TEST_02391,Pablo Picasso
TEST_02392,Francisco Goya
TEST_02393,Leonardo da Vinci
TEST_02394,Pierre-Auguste Renoir
TEST_02395,Giotto di Bondone
TEST_02396,Paul Gauguin
TEST_02397,Vincent van Gogh
TEST_02398,Jan van Eyck
TEST_02399,Alfred Sisley
TEST_02400,Paul Gauguin
TEST_02401,Salvador Dali
TEST_02402,Georges Seurat
TEST_02403,Vincent van Gogh
TEST_02404,Gustav Klimt
TEST_02405,Vincent van Gogh
TEST_02406,Rene Magritte
TEST_02407,Jackson Pollock
TEST_02408,Titian
TEST_02409,Albrecht Du rer
TEST_02410,Diego Rivera
TEST_02411,Paul Gauguin
TEST_02412,Pablo Picasso
TEST_02413,Vincent van Gogh
TEST_02414,Francisco Goya
TEST_02415,Giotto di Bondone
TEST_02416,Vincent van Gogh
TEST_02417,Vincent van Gogh
TEST_02418,Albrecht Du rer
TEST_02419,Leonardo da Vinci
TEST_02420,Salvador Dali
TEST_02421,Vincent van Gogh
TEST_02422,Gustav Klimt
TEST_02423,Jan van Eyck
TEST_02424,Amedeo Modigliani
TEST_02425,Vincent van Gogh
TEST_02426,Peter Paul Rubens
TEST_02427,Leonardo da Vinci
TEST_02428,Jan van Eyck
TEST_02429,El Greco
TEST_02430,Pieter Bruegel
TEST_02431,Francisco Goya
TEST_02432,Leonardo da Vinci
TEST_02433,Camille Pissarro
TEST_02434,Albrecht Du rer
TEST_02435,Caravaggio
TEST_02436,Francisco Goya
TEST_02437,William Turner
TEST_02438,Frida Kahlo
TEST_02439,Sandro Botticelli
TEST_02440,Sandro Botticelli
TEST_02441,Pierre-Auguste Renoir
TEST_02442,Francisco Goya
TEST_02443,Pieter Bruegel
TEST_02444,Jan van Eyck
TEST_02445,Jan van Eyck
TEST_02446,Frida Kahlo
TEST_02447,Pierre-Auguste Renoir
TEST_02448,Vincent van Gogh
TEST_02449,Amedeo Modigliani
TEST_02450,Edgar Degas
TEST_02451,Pierre-Auguste Renoir
TEST_02452,Gustav Klimt
TEST_02453,Hieronymus Bosch
TEST_02454,Diego Rivera
TEST_02455,Leonardo da Vinci
TEST_02456,Vincent van Gogh
TEST_02457,Eugene Delacroix
TEST_02458,Sandro Botticelli
TEST_02459,Gustav Klimt
TEST_02460,Vincent van Gogh
TEST_02461,Paul Gauguin
TEST_02462,Alfred Sisley
TEST_02463,Leonardo da Vinci
TEST_02464,Rembrandt
TEST_02465,Pierre-Auguste Renoir
TEST_02466,Paul Gauguin
TEST_02467,Leonardo da Vinci
TEST_02468,Alfred Sisley
TEST_02469,Leonardo da Vinci
TEST_02470,Diego Rivera
TEST_02471,Rembrandt
TEST_02472,Caravaggio
TEST_02473,Leonardo da Vinci
TEST_02474,Pierre-Auguste Renoir
TEST_02475,Paul Klee
TEST_02476,Pablo Picasso
TEST_02477,Jan van Eyck
TEST_02478,Paul Gauguin
TEST_02479,Paul Gauguin
TEST_02480,Sandro Botticelli
TEST_02481,Paul Gauguin
TEST_02482,Pieter Bruegel
TEST_02483,Jan van Eyck
TEST_02484,Gustav Klimt
TEST_02485,Pieter Bruegel
TEST_02486,Leonardo da Vinci
TEST_02487,Paul Klee
TEST_02488,Leonardo da Vinci
TEST_02489,Peter Paul Rubens
TEST_02490,Paul Klee
TEST_02491,Francisco Goya
TEST_02492,Francisco Goya
TEST_02493,Pieter Bruegel
TEST_02494,Leonardo da Vinci
TEST_02495,Vincent van Gogh
TEST_02496,William Turner
TEST_02497,Andy Warhol
TEST_02498,Giotto di Bondone
TEST_02499,Piet Mondrian
TEST_02500,Salvador Dali
TEST_02501,Albrecht Du rer
TEST_02502,Gustav Klimt
TEST_02503,Paul Klee
TEST_02504,Jan van Eyck
TEST_02505,Claude Monet
TEST_02506,Leonardo da Vinci
TEST_02507,Marc Chagall
TEST_02508,Paul Klee
TEST_02509,Camille Pissarro
TEST_02510,Albrecht Du rer
TEST_02511,Vincent van Gogh
TEST_02512,Albrecht Du rer
TEST_02513,Marc Chagall
TEST_02514,Jan van Eyck
TEST_02515,Albrecht Du rer
TEST_02516,Mikhail Vrubel
TEST_02517,Leonardo da Vinci
TEST_02518,Leonardo da Vinci
TEST_02519,Paul Gauguin
TEST_02520,Piet Mondrian
TEST_02521,Edgar Degas
TEST_02522,Vincent van Gogh
TEST_02523,Leonardo da Vinci
TEST_02524,Francisco Goya
TEST_02525,Andy Warhol
TEST_02526,Francisco Goya
TEST_02527,Albrecht Du rer
TEST_02528,Leonardo da Vinci
TEST_02529,Piet Mondrian
TEST_02530,Leonardo da Vinci
TEST_02531,Andy Warhol
TEST_02532,Leonardo da Vinci
TEST_02533,Vasiliy Kandinskiy
TEST_02534,Salvador Dali
TEST_02535,Pieter Bruegel
TEST_02536,William Turner
TEST_02537,Rembrandt
TEST_02538,Gustav Klimt
TEST_02539,Rembrandt
TEST_02540,Gustav Klimt
TEST_02541,Jan van Eyck
TEST_02542,Leonardo da Vinci
TEST_02543,Marc Chagall
TEST_02544,Albrecht Du rer
TEST_02545,Jackson Pollock
TEST_02546,Vincent van Gogh
TEST_02547,Andrei Rublev
TEST_02548,Vincent van Gogh
TEST_02549,Titian
TEST_02550,Vincent van Gogh
TEST_02551,Sandro Botticelli
TEST_02552,Andy Warhol
TEST_02553,Albrecht Du rer
TEST_02554,Albrecht Du rer
TEST_02555,Diego Rivera
TEST_02556,Pierre-Auguste Renoir
TEST_02557,Leonardo da Vinci
TEST_02558,Rembrandt
TEST_02559,Eugene Delacroix
TEST_02560,Leonardo da Vinci
TEST_02561,Camille Pissarro
TEST_02562,Vincent van Gogh
TEST_02563,Mikhail Vrubel
TEST_02564,Francisco Goya
TEST_02565,Rene Magritte
TEST_02566,Paul Cezanne
TEST_02567,Alfred Sisley
TEST_02568,Gustav Klimt
TEST_02569,Mikhail Vrubel
TEST_02570,Alfred Sisley
TEST_02571,Sandro Botticelli
TEST_02572,Francisco Goya
TEST_02573,William Turner
TEST_02574,Diego Velazquez
TEST_02575,Gustav Klimt
TEST_02576,Hieronymus Bosch
TEST_02577,Vincent van Gogh
TEST_02578,Leonardo da Vinci
TEST_02579,Vincent van Gogh
TEST_02580,Albrecht Du rer
TEST_02581,Vincent van Gogh
TEST_02582,Gustav Klimt
TEST_02583,Titian
TEST_02584,Sandro Botticelli
TEST_02585,Leonardo da Vinci
TEST_02586,Diego Rivera
TEST_02587,El Greco
TEST_02588,Pierre-Auguste Renoir
TEST_02589,Titian
TEST_02590,Pierre-Auguste Renoir
TEST_02591,Albrecht Du rer
TEST_02592,Paul Gauguin
TEST_02593,Pieter Bruegel
TEST_02594,Giotto di Bondone
TEST_02595,Paul Klee
TEST_02596,El Greco
TEST_02597,Sandro Botticelli
TEST_02598,Paul Klee
TEST_02599,Sandro Botticelli
TEST_02600,Leonardo da Vinci
TEST_02601,Leonardo da Vinci
TEST_02602,Vincent van Gogh
TEST_02603,Pablo Picasso
TEST_02604,Alfred Sisley
TEST_02605,Piet Mondrian
TEST_02606,Camille Pissarro
TEST_02607,Albrecht Du rer
TEST_02608,Georges Seurat
TEST_02609,Leonardo da Vinci
TEST_02610,El Greco
TEST_02611,Paul Gauguin
TEST_02612,Piet Mondrian
TEST_02613,Andy Warhol
TEST_02614,Camille Pissarro
TEST_02615,Leonardo da Vinci
TEST_02616,Leonardo da Vinci
TEST_02617,Giotto di Bondone
TEST_02618,Amedeo Modigliani
TEST_02619,Rene Magritte
TEST_02620,Marc Chagall
TEST_02621,Henri Matisse
TEST_02622,Marc Chagall
TEST_02623,Francisco Goya
TEST_02624,Marc Chagall
TEST_02625,Albrecht Du rer
TEST_02626,Piet Mondrian
TEST_02627,Titian
TEST_02628,Albrecht Du rer
TEST_02629,Rembrandt
TEST_02630,Pieter Bruegel
TEST_02631,Francisco Goya
TEST_02632,Pieter Bruegel
TEST_02633,Leonardo da Vinci
TEST_02634,Pierre-Auguste Renoir
TEST_02635,Jan van Eyck
TEST_02636,Pablo Picasso
TEST_02637,Leonardo da Vinci
TEST_02638,Pieter Bruegel
TEST_02639,Albrecht Du rer
TEST_02640,Mikhail Vrubel
TEST_02641,Pierre-Auguste Renoir
TEST_02642,Albrecht Du rer
TEST_02643,Paul Gauguin
TEST_02644,Pierre-Auguste Renoir
TEST_02645,Mikhail Vrubel
TEST_02646,William Turner
TEST_02647,Vincent van Gogh
TEST_02648,Piet Mondrian
TEST_02649,Paul Klee
TEST_02650,El Greco
TEST_02651,Caravaggio
TEST_02652,Rene Magritte
TEST_02653,Piet Mondrian
TEST_02654,Leonardo da Vinci
TEST_02655,Leonardo da Vinci
TEST_02656,Vincent van Gogh
TEST_02657,Vincent van Gogh
TEST_02658,Jackson Pollock
TEST_02659,Leonardo da Vinci
TEST_02660,Vincent van Gogh
TEST_02661,Leonardo da Vinci
TEST_02662,Gustav Klimt
TEST_02663,Mikhail Vrubel
TEST_02664,Vincent van Gogh
TEST_02665,Paul Klee
TEST_02666,Gustav Klimt
TEST_02667,Rene Magritte
TEST_02668,William Turner
TEST_02669,Leonardo da Vinci
TEST_02670,Pablo Picasso
TEST_02671,Leonardo da Vinci
TEST_02672,Camille Pissarro
TEST_02673,Pierre-Auguste Renoir
TEST_02674,Paul Gauguin
TEST_02675,Leonardo da Vinci
TEST_02676,Albrecht Du rer
TEST_02677,Francisco Goya
TEST_02678,Andrei Rublev
TEST_02679,Albrecht Du rer
TEST_02680,Edgar Degas
TEST_02681,Leonardo da Vinci
TEST_02682,Jan van Eyck
TEST_02683,Gustav Klimt
TEST_02684,Pieter Bruegel
TEST_02685,Gustav Klimt
TEST_02686,Sandro Botticelli
TEST_02687,Giotto di Bondone
TEST_02688,Kazimir Malevich
TEST_02689,Henri de Toulouse-Lautrec
TEST_02690,Pieter Bruegel
TEST_02691,Albrecht Du rer
TEST_02692,William Turner
TEST_02693,Andy Warhol
TEST_02694,Francisco Goya
TEST_02695,Piet Mondrian
TEST_02696,Leonardo da Vinci
TEST_02697,Gustav Klimt
TEST_02698,Rene Magritte
TEST_02699,Marc Chagall
TEST_02700,Vincent van Gogh
TEST_02701,Jan van Eyck
TEST_02702,Hieronymus Bosch
TEST_02703,Vincent van Gogh
TEST_02704,Paul Klee
TEST_02705,Pieter Bruegel
TEST_02706,Leonardo da Vinci
TEST_02707,Titian
TEST_02708,El Greco
TEST_02709,Camille Pissarro
TEST_02710,Pierre-Auguste Renoir
TEST_02711,Raphael
TEST_02712,Alfred Sisley
TEST_02713,El Greco
TEST_02714,Rene Magritte
TEST_02715,Edgar Degas
TEST_02716,Rene Magritte
TEST_02717,Vincent van Gogh
TEST_02718,Georges Seurat
TEST_02719,Paul Gauguin
TEST_02720,Andrei Rublev
TEST_02721,William Turner
TEST_02722,Albrecht Du rer
TEST_02723,Titian
TEST_02724,Andy Warhol
TEST_02725,Andy Warhol
TEST_02726,Georges Seurat
TEST_02727,Piet Mondrian
TEST_02728,Sandro Botticelli
TEST_02729,Giotto di Bondone
TEST_02730,Mikhail Vrubel
TEST_02731,Pablo Picasso
TEST_02732,Albrecht Du rer
TEST_02733,William Turner
TEST_02734,Piet Mondrian
TEST_02735,Vincent van Gogh
TEST_02736,Piet Mondrian
TEST_02737,Albrecht Du rer
TEST_02738,Raphael
TEST_02739,Albrecht Du rer
TEST_02740,Leonardo da Vinci
TEST_02741,Kazimir Malevich
TEST_02742,Titian
TEST_02743,Kazimir Malevich
TEST_02744,Andrei Rublev
TEST_02745,Gustav Klimt
TEST_02746,Rembrandt
TEST_02747,Andrei Rublev
TEST_02748,Pierre-Auguste Renoir
TEST_02749,Vincent van Gogh
TEST_02750,Rembrandt
TEST_02751,Vincent van Gogh
TEST_02752,Georges Seurat
TEST_02753,Albrecht Du rer
TEST_02754,Hieronymus Bosch
TEST_02755,Leonardo da Vinci
TEST_02756,Andy Warhol
TEST_02757,El Greco
TEST_02758,Leonardo da Vinci
TEST_02759,Vincent van Gogh
TEST_02760,Sandro Botticelli
TEST_02761,Jan van Eyck
TEST_02762,Jackson Pollock
TEST_02763,Frida Kahlo
TEST_02764,Albrecht Du rer
TEST_02765,Pieter Bruegel
TEST_02766,Paul Gauguin
TEST_02767,Andy Warhol
TEST_02768,Alfred Sisley
TEST_02769,Francisco Goya
TEST_02770,Peter Paul Rubens
TEST_02771,Giotto di Bondone
TEST_02772,Georges Seurat
TEST_02773,El Greco
TEST_02774,Vincent van Gogh
TEST_02775,Piet Mondrian
TEST_02776,Diego Rivera
TEST_02777,Francisco Goya
TEST_02778,Piet Mondrian
TEST_02779,Paul Gauguin
TEST_02780,Vincent van Gogh
TEST_02781,Piet Mondrian
TEST_02782,Pablo Picasso
TEST_02783,Vincent van Gogh
TEST_02784,Alfred Sisley
TEST_02785,Francisco Goya
TEST_02786,Peter Paul Rubens
TEST_02787,Alfred Sisley
TEST_02788,El Greco
TEST_02789,Francisco Goya
TEST_02790,Pieter Bruegel
TEST_02791,Hieronymus Bosch
TEST_02792,Albrecht Du rer
TEST_02793,Alfred Sisley
TEST_02794,Rembrandt
TEST_02795,Francisco Goya
TEST_02796,Gustav Klimt
TEST_02797,Francisco Goya
TEST_02798,Leonardo da Vinci
TEST_02799,Jan van Eyck
TEST_02800,Gustav Klimt
TEST_02801,Albrecht Du rer
TEST_02802,El Greco
TEST_02803,Pieter Bruegel
TEST_02804,Vincent van Gogh
TEST_02805,El Greco
TEST_02806,Francisco Goya
TEST_02807,Sandro Botticelli
TEST_02808,Paul Gauguin
TEST_02809,Rene Magritte
TEST_02810,Andrei Rublev
TEST_02811,Pieter Bruegel
TEST_02812,Peter Paul Rubens
TEST_02813,Titian
TEST_02814,Vincent van Gogh
TEST_02815,Francisco Goya
TEST_02816,Albrecht Du rer
TEST_02817,Kazimir Malevich
TEST_02818,Alfred Sisley
TEST_02819,Camille Pissarro
TEST_02820,Kazimir Malevich
TEST_02821,Andy Warhol
TEST_02822,Joan Miro
TEST_02823,Pieter Bruegel
TEST_02824,Edgar Degas
TEST_02825,Francisco Goya
TEST_02826,Albrecht Du rer
TEST_02827,Pierre-Auguste Renoir
TEST_02828,El Greco
TEST_02829,Francisco Goya
TEST_02830,Rene Magritte
TEST_02831,Pieter Bruegel
TEST_02832,Pieter Bruegel
TEST_02833,Pierre-Auguste Renoir
TEST_02834,Marc Chagall
TEST_02835,Gustav Klimt
TEST_02836,Jan van Eyck
TEST_02837,Camille Pissarro
TEST_02838,Francisco Goya
TEST_02839,Peter Paul Rubens
TEST_02840,William Turner
TEST_02841,Kazimir Malevich
TEST_02842,Vincent van Gogh
TEST_02843,Peter Paul Rubens
TEST_02844,Jackson Pollock
TEST_02845,Rembrandt
TEST_02846,Rembrandt
TEST_02847,Titian
TEST_02848,Peter Paul Rubens
TEST_02849,Titian
TEST_02850,Pablo Picasso
TEST_02851,Hieronymus Bosch
TEST_02852,Frida Kahlo
TEST_02853,Edouard Manet
TEST_02854,Albrecht Du rer
TEST_02855,Andrei Rublev
TEST_02856,Francisco Goya
TEST_02857,Alfred Sisley
TEST_02858,Salvador Dali
TEST_02859,Vincent van Gogh
TEST_02860,Marc Chagall
TEST_02861,Francisco Goya
TEST_02862,William Turner
TEST_02863,Leonardo da Vinci
TEST_02864,Diego Velazquez
TEST_02865,Rene Magritte
TEST_02866,Albrecht Du rer
TEST_02867,Paul Gauguin
TEST_02868,Francisco Goya
TEST_02869,Vincent van Gogh
TEST_02870,Alfred Sisley
TEST_02871,El Greco
TEST_02872,Georges Seurat
TEST_02873,Mikhail Vrubel
TEST_02874,Leonardo da Vinci
TEST_02875,Leonardo da Vinci
TEST_02876,Piet Mondrian
TEST_02877,Giotto di Bondone
TEST_02878,Peter Paul Rubens
TEST_02879,William Turner
TEST_02880,Marc Chagall
TEST_02881,Paul Klee
TEST_02882,Rembrandt
TEST_02883,Francisco Goya
TEST_02884,Sandro Botticelli
TEST_02885,Pieter Bruegel
TEST_02886,Leonardo da Vinci
TEST_02887,Andrei Rublev
TEST_02888,Andrei Rublev
TEST_02889,Jan van Eyck
TEST_02890,Pieter Bruegel
TEST_02891,Titian
TEST_02892,Pierre-Auguste Renoir
TEST_02893,Vincent van Gogh
TEST_02894,Alfred Sisley
TEST_02895,Leonardo da Vinci
TEST_02896,Peter Paul Rubens
TEST_02897,William Turner
TEST_02898,Vincent van Gogh
TEST_02899,Sandro Botticelli
TEST_02900,Diego Rivera
TEST_02901,Pierre-Auguste Renoir
TEST_02902,Vincent van Gogh
TEST_02903,Titian
TEST_02904,El Greco
TEST_02905,Paul Klee
TEST_02906,Leonardo da Vinci
TEST_02907,El Greco
TEST_02908,Albrecht Du rer
TEST_02909,Edgar Degas
TEST_02910,Diego Rivera
TEST_02911,Pieter Bruegel
TEST_02912,Francisco Goya
TEST_02913,Vincent van Gogh
TEST_02914,Gustav Klimt
TEST_02915,Andrei Rublev
TEST_02916,Marc Chagall
TEST_02917,Leonardo da Vinci
TEST_02918,Pierre-Auguste Renoir
TEST_02919,Albrecht Du rer
TEST_02920,Rene Magritte
TEST_02921,Claude Monet
TEST_02922,Peter Paul Rubens
TEST_02923,Vincent van Gogh
TEST_02924,Vincent van Gogh
TEST_02925,Georges Seurat
TEST_02926,Leonardo da Vinci
TEST_02927,Rene Magritte
TEST_02928,Leonardo da Vinci
TEST_02929,Pablo Picasso
TEST_02930,Edgar Degas
TEST_02931,Salvador Dali
TEST_02932,Alfred Sisley
TEST_02933,Albrecht Du rer
TEST_02934,Joan Miro
TEST_02935,Leonardo da Vinci
TEST_02936,Pieter Bruegel
TEST_02937,Pierre-Auguste Renoir
TEST_02938,Rembrandt
TEST_02939,Pieter Bruegel
TEST_02940,Joan Miro
TEST_02941,Pieter Bruegel
TEST_02942,Titian
TEST_02943,Pablo Picasso
TEST_02944,Peter Paul Rubens
TEST_02945,Jan van Eyck
TEST_02946,Pieter Bruegel
TEST_02947,Henri Matisse
TEST_02948,Leonardo da Vinci
TEST_02949,Salvador Dali
TEST_02950,Sandro Botticelli
TEST_02951,Georges Seurat
TEST_02952,Albrecht Du rer
TEST_02953,Rene Magritte
TEST_02954,Albrecht Du rer
TEST_02955,Paul Gauguin
TEST_02956,Leonardo da Vinci
TEST_02957,Andrei Rublev
TEST_02958,Georges Seurat
TEST_02959,Diego Rivera
TEST_02960,Albrecht Du rer
TEST_02961,Albrecht Du rer
TEST_02962,Kazimir Malevich
TEST_02963,Frida Kahlo
TEST_02964,Vincent van Gogh
TEST_02965,Amedeo Modigliani
TEST_02966,Andy Warhol
TEST_02967,Rembrandt
TEST_02968,Francisco Goya
TEST_02969,Leonardo da Vinci
TEST_02970,Kazimir Malevich
TEST_02971,Pierre-Auguste Renoir
TEST_02972,Jan van Eyck
TEST_02973,Alfred Sisley
TEST_02974,Francisco Goya
TEST_02975,Mikhail Vrubel
TEST_02976,Vincent van Gogh
TEST_02977,Vincent van Gogh
TEST_02978,Sandro Botticelli
TEST_02979,William Turner
TEST_02980,Jackson Pollock
TEST_02981,Titian
TEST_02982,Peter Paul Rubens
TEST_02983,Albrecht Du rer
TEST_02984,Edouard Manet
TEST_02985,Albrecht Du rer
TEST_02986,Rembrandt
TEST_02987,Caravaggio
TEST_02988,Joan Miro
TEST_02989,Marc Chagall
TEST_02990,Paul Klee
TEST_02991,Jan van Eyck
TEST_02992,Leonardo da Vinci
TEST_02993,Joan Miro
TEST_02994,Francisco Goya
TEST_02995,Jan van Eyck
TEST_02996,Peter Paul Rubens
TEST_02997,Paul Klee
TEST_02998,Salvador Dali
TEST_02999,Jackson Pollock
TEST_03000,Pieter Bruegel
TEST_03001,Alfred Sisley
TEST_03002,El Greco
TEST_03003,Leonardo da Vinci
TEST_03004,Piet Mondrian
TEST_03005,Paul Klee
TEST_03006,Vincent van Gogh
TEST_03007,Albrecht Du rer
TEST_03008,Francisco Goya
TEST_03009,Eugene Delacroix
TEST_03010,Pablo Picasso
TEST_03011,El Greco
TEST_03012,Pieter Bruegel
TEST_03013,Rene Magritte
TEST_03014,Vincent van Gogh
TEST_03015,Pieter Bruegel
TEST_03016,Piet Mondrian
TEST_03017,Francisco Goya
TEST_03018,Pieter Bruegel
TEST_03019,Rembrandt
TEST_03020,Leonardo da Vinci
TEST_03021,Pieter Bruegel
TEST_03022,Paul Gauguin
TEST_03023,Vincent van Gogh
TEST_03024,Caravaggio
TEST_03025,Diego Rivera
TEST_03026,Sandro Botticelli
TEST_03027,Andy Warhol
TEST_03028,Francisco Goya
TEST_03029,Paul Gauguin
TEST_03030,Gustav Klimt
TEST_03031,Camille Pissarro
TEST_03032,Vasiliy Kandinskiy
TEST_03033,Kazimir Malevich
TEST_03034,Albrecht Du rer
TEST_03035,Peter Paul Rubens
TEST_03036,Leonardo da Vinci
TEST_03037,Rembrandt
TEST_03038,Caravaggio
TEST_03039,Claude Monet
TEST_03040,Andy Warhol
TEST_03041,Vincent van Gogh
TEST_03042,Claude Monet
TEST_03043,Marc Chagall
TEST_03044,Alfred Sisley
TEST_03045,Pieter Bruegel
TEST_03046,Pierre-Auguste Renoir
TEST_03047,Andy Warhol
TEST_03048,Pieter Bruegel
TEST_03049,Jan van Eyck
TEST_03050,Alfred Sisley
TEST_03051,Leonardo da Vinci
TEST_03052,Vincent van Gogh
TEST_03053,Piet Mondrian
TEST_03054,Pierre-Auguste Renoir
TEST_03055,Francisco Goya
TEST_03056,Leonardo da Vinci
TEST_03057,Pierre-Auguste Renoir
TEST_03058,Albrecht Du rer
TEST_03059,Leonardo da Vinci
TEST_03060,Pieter Bruegel
TEST_03061,Amedeo Modigliani
TEST_03062,Pieter Bruegel
TEST_03063,Gustav Klimt
TEST_03064,Pieter Bruegel
TEST_03065,Sandro Botticelli
TEST_03066,Peter Paul Rubens
TEST_03067,Vincent van Gogh
TEST_03068,Francisco Goya
TEST_03069,Sandro Botticelli
TEST_03070,Alfred Sisley
TEST_03071,Alfred Sisley
TEST_03072,Leonardo da Vinci
TEST_03073,Vincent van Gogh
TEST_03074,Pierre-Auguste Renoir
TEST_03075,Rene Magritte
TEST_03076,Francisco Goya
TEST_03077,Leonardo da Vinci
TEST_03078,Diego Rivera
TEST_03079,William Turner
TEST_03080,Camille Pissarro
TEST_03081,Jan van Eyck
TEST_03082,Pierre-Auguste Renoir
TEST_03083,Paul Gauguin
TEST_03084,Sandro Botticelli
TEST_03085,Paul Gauguin
TEST_03086,Leonardo da Vinci
TEST_03087,Mikhail Vrubel
TEST_03088,Leonardo da Vinci
TEST_03089,Albrecht Du rer
TEST_03090,Caravaggio
TEST_03091,Vincent van Gogh
TEST_03092,Andrei Rublev
TEST_03093,Leonardo da Vinci
TEST_03094,Pieter Bruegel
TEST_03095,Pierre-Auguste Renoir
TEST_03096,Leonardo da Vinci
TEST_03097,Camille Pissarro
TEST_03098,Albrecht Du rer
TEST_03099,Titian
TEST_03100,Andy Warhol
TEST_03101,Alfred Sisley
TEST_03102,Georges Seurat
TEST_03103,Francisco Goya
TEST_03104,Paul Klee
TEST_03105,Camille Pissarro
TEST_03106,Kazimir Malevich
TEST_03107,Paul Klee
TEST_03108,Pieter Bruegel
TEST_03109,Jan van Eyck
TEST_03110,Piet Mondrian
TEST_03111,Rembrandt
TEST_03112,Francisco Goya
TEST_03113,Pierre-Auguste Renoir
TEST_03114,Hieronymus Bosch
TEST_03115,Andrei Rublev
TEST_03116,Giotto di Bondone
TEST_03117,El Greco
TEST_03118,Gustav Klimt
TEST_03119,Vincent van Gogh
TEST_03120,Vincent van Gogh
TEST_03121,Leonardo da Vinci
TEST_03122,Vincent van Gogh
TEST_03123,Paul Gauguin
TEST_03124,Andrei Rublev
TEST_03125,Kazimir Malevich
TEST_03126,Georges Seurat
TEST_03127,Albrecht Du rer
TEST_03128,Vincent van Gogh
TEST_03129,Francisco Goya
TEST_03130,Paul Klee
TEST_03131,Jan van Eyck
TEST_03132,Paul Gauguin
TEST_03133,Salvador Dali
TEST_03134,Vincent van Gogh
TEST_03135,William Turner
TEST_03136,Andrei Rublev
TEST_03137,Pierre-Auguste Renoir
TEST_03138,Rembrandt
TEST_03139,Leonardo da Vinci
TEST_03140,Giotto di Bondone
TEST_03141,Andy Warhol
TEST_03142,Albrecht Du rer
TEST_03143,Piet Mondrian
TEST_03144,Leonardo da Vinci
TEST_03145,Pablo Picasso
TEST_03146,El Greco
TEST_03147,Pablo Picasso
TEST_03148,Paul Klee
TEST_03149,Albrecht Du rer
TEST_03150,Hieronymus Bosch
TEST_03151,El Greco
TEST_03152,Albrecht Du rer
TEST_03153,Sandro Botticelli
TEST_03154,Gustav Klimt
TEST_03155,Vincent van Gogh
TEST_03156,Vincent van Gogh
TEST_03157,Francisco Goya
TEST_03158,Alfred Sisley
TEST_03159,Francisco Goya
TEST_03160,Amedeo Modigliani
TEST_03161,Francisco Goya
TEST_03162,Salvador Dali
TEST_03163,El Greco
TEST_03164,Jan van Eyck
TEST_03165,Salvador Dali
TEST_03166,Leonardo da Vinci
TEST_03167,William Turner
TEST_03168,Francisco Goya
TEST_03169,Leonardo da Vinci
TEST_03170,Piet Mondrian
TEST_03171,Mikhail Vrubel
TEST_03172,Diego Rivera
TEST_03173,Pierre-Auguste Renoir
TEST_03174,Paul Klee
TEST_03175,Leonardo da Vinci
TEST_03176,Vincent van Gogh
TEST_03177,Sandro Botticelli
TEST_03178,Pieter Bruegel
TEST_03179,Camille Pissarro
TEST_03180,Vincent van Gogh
TEST_03181,Pierre-Auguste Renoir
TEST_03182,Jan van Eyck
TEST_03183,Jan van Eyck
TEST_03184,Pieter Bruegel
TEST_03185,Mikhail Vrubel
TEST_03186,Pierre-Auguste Renoir
TEST_03187,Vincent van Gogh
TEST_03188,Rene Magritte
TEST_03189,Vincent van Gogh
TEST_03190,Francisco Goya
TEST_03191,Peter Paul Rubens
TEST_03192,Leonardo da Vinci
TEST_03193,Paul Klee
TEST_03194,Jan van Eyck
TEST_03195,Pieter Bruegel
TEST_03196,Raphael
TEST_03197,Pieter Bruegel
TEST_03198,Albrecht Du rer
TEST_03199,Paul Gauguin
TEST_03200,Leonardo da Vinci
TEST_03201,Mikhail Vrubel
TEST_03202,Alfred Sisley
TEST_03203,Mikhail Vrubel
TEST_03204,Pablo Picasso
TEST_03205,Leonardo da Vinci
TEST_03206,Pieter Bruegel
TEST_03207,Albrecht Du rer
TEST_03208,Albrecht Du rer
TEST_03209,Piet Mondrian
TEST_03210,Albrecht Du rer
TEST_03211,Albrecht Du rer
TEST_03212,Gustav Klimt
TEST_03213,Pieter Bruegel
TEST_03214,Albrecht Du rer
TEST_03215,Pieter Bruegel
TEST_03216,Piet Mondrian
TEST_03217,Rembrandt
TEST_03218,Francisco Goya
TEST_03219,Hieronymus Bosch
TEST_03220,Pablo Picasso
TEST_03221,Francisco Goya
TEST_03222,Georges Seurat
TEST_03223,El Greco
TEST_03224,Leonardo da Vinci
TEST_03225,Paul Klee
TEST_03226,Alfred Sisley
TEST_03227,Pieter Bruegel
TEST_03228,Camille Pissarro
TEST_03229,Gustav Klimt
TEST_03230,Leonardo da Vinci
TEST_03231,Mikhail Vrubel
TEST_03232,Salvador Dali
TEST_03233,Andy Warhol
TEST_03234,Paul Klee
TEST_03235,Marc Chagall
TEST_03236,Mikhail Vrubel
TEST_03237,Gustav Klimt
TEST_03238,Andrei Rublev
TEST_03239,Gustav Klimt
TEST_03240,Rembrandt
TEST_03241,Pierre-Auguste Renoir
TEST_03242,Peter Paul Rubens
TEST_03243,El Greco
TEST_03244,Michelangelo
TEST_03245,Peter Paul Rubens
TEST_03246,Sandro Botticelli
TEST_03247,Vincent van Gogh
TEST_03248,Marc Chagall
TEST_03249,Vincent van Gogh
TEST_03250,Georges Seurat
TEST_03251,Salvador Dali
TEST_03252,Henri Matisse
TEST_03253,Pablo Picasso
TEST_03254,El Greco
TEST_03255,Vincent van Gogh
TEST_03256,Leonardo da Vinci
TEST_03257,Alfred Sisley
TEST_03258,Francisco Goya
TEST_03259,Pierre-Auguste Renoir
TEST_03260,Francisco Goya
TEST_03261,Pieter Bruegel
TEST_03262,Vincent van Gogh
TEST_03263,Paul Klee
TEST_03264,Albrecht Du rer
TEST_03265,Albrecht Du rer
TEST_03266,Paul Gauguin
TEST_03267,Sandro Botticelli
TEST_03268,Georges Seurat
TEST_03269,Albrecht Du rer
TEST_03270,Pierre-Auguste Renoir
TEST_03271,Raphael
TEST_03272,Vincent van Gogh
TEST_03273,William Turner
TEST_03274,Vincent van Gogh
TEST_03275,Titian
TEST_03276,Jan van Eyck
TEST_03277,Pieter Bruegel
TEST_03278,Alfred Sisley
TEST_03279,El Greco
TEST_03280,Vincent van Gogh
TEST_03281,Peter Paul Rubens
TEST_03282,Vincent van Gogh
TEST_03283,Albrecht Du rer
TEST_03284,Georges Seurat
TEST_03285,Kazimir Malevich
TEST_03286,Vincent van Gogh
TEST_03287,Vincent van Gogh
TEST_03288,Alfred Sisley
TEST_03289,Jackson Pollock
TEST_03290,Jan van Eyck
TEST_03291,Leonardo da Vinci
TEST_03292,Giotto di Bondone
TEST_03293,Gustav Klimt
TEST_03294,William Turner
TEST_03295,Mikhail Vrubel
TEST_03296,Pieter Bruegel
TEST_03297,Leonardo da Vinci
TEST_03298,Pablo Picasso
TEST_03299,Jackson Pollock
TEST_03300,Pierre-Auguste Renoir
TEST_03301,Sandro Botticelli
TEST_03302,Raphael
TEST_03303,Caravaggio
TEST_03304,Albrecht Du rer
TEST_03305,Albrecht Du rer
TEST_03306,Vincent van Gogh
TEST_03307,Peter Paul Rubens
TEST_03308,Francisco Goya
TEST_03309,Albrecht Du rer
TEST_03310,Pieter Bruegel
TEST_03311,Jan van Eyck
TEST_03312,Jan van Eyck
TEST_03313,Jan van Eyck
TEST_03314,Pierre-Auguste Renoir
TEST_03315,Piet Mondrian
TEST_03316,Francisco Goya
TEST_03317,Kazimir Malevich
TEST_03318,Rembrandt
TEST_03319,Piet Mondrian
TEST_03320,Andrei Rublev
TEST_03321,Leonardo da Vinci
TEST_03322,Sandro Botticelli
TEST_03323,Albrecht Du rer
TEST_03324,Pablo Picasso
TEST_03325,Pieter Bruegel
TEST_03326,Vincent van Gogh
TEST_03327,Albrecht Du rer
TEST_03328,Piet Mondrian
TEST_03329,Pierre-Auguste Renoir
TEST_03330,Albrecht Du rer
TEST_03331,Vincent van Gogh
TEST_03332,Peter Paul Rubens
TEST_03333,Jan van Eyck
TEST_03334,Vincent van Gogh
TEST_03335,Gustave Courbet
TEST_03336,Frida Kahlo
TEST_03337,Rembrandt
TEST_03338,Pieter Bruegel
TEST_03339,Albrecht Du rer
TEST_03340,Diego Rivera
TEST_03341,El Greco
TEST_03342,Giotto di Bondone
TEST_03343,Vincent van Gogh
TEST_03344,Francisco Goya
TEST_03345,Edgar Degas
TEST_03346,Alfred Sisley
TEST_03347,Jan van Eyck
TEST_03348,Paul Gauguin
TEST_03349,Pieter Bruegel
TEST_03350,Mikhail Vrubel
TEST_03351,Hieronymus Bosch
TEST_03352,Claude Monet
TEST_03353,Andy Warhol
TEST_03354,Pierre-Auguste Renoir
TEST_03355,Pablo Picasso
TEST_03356,Vasiliy Kandinskiy
TEST_03357,Titian
TEST_03358,Paul Gauguin
TEST_03359,Sandro Botticelli
TEST_03360,Pieter Bruegel
TEST_03361,Pieter Bruegel
TEST_03362,El Greco
TEST_03363,Titian
TEST_03364,Albrecht Du rer
TEST_03365,Leonardo da Vinci
TEST_03366,Jan van Eyck
TEST_03367,Albrecht Du rer
TEST_03368,Titian
TEST_03369,Pieter Bruegel
TEST_03370,Salvador Dali
TEST_03371,Vincent van Gogh
TEST_03372,Salvador Dali
TEST_03373,Paul Gauguin
TEST_03374,Pierre-Auguste Renoir
TEST_03375,Peter Paul Rubens
TEST_03376,Francisco Goya
TEST_03377,Francisco Goya
TEST_03378,Pablo Picasso
TEST_03379,Pierre-Auguste Renoir
TEST_03380,Pierre-Auguste Renoir
TEST_03381,Albrecht Du rer
TEST_03382,El Greco
TEST_03383,Amedeo Modigliani
TEST_03384,Albrecht Du rer
TEST_03385,Leonardo da Vinci
TEST_03386,Titian
TEST_03387,Vincent van Gogh
TEST_03388,Albrecht Du rer
TEST_03389,Jan van Eyck
TEST_03390,Leonardo da Vinci
TEST_03391,Albrecht Du rer
TEST_03392,Vincent van Gogh
TEST_03393,Edgar Degas
TEST_03394,Amedeo Modigliani
TEST_03395,Georges Seurat
TEST_03396,Salvador Dali
TEST_03397,Albrecht Du rer
TEST_03398,Rene Magritte
TEST_03399,Francisco Goya
TEST_03400,Pierre-Auguste Renoir
TEST_03401,Titian
TEST_03402,El Greco
TEST_03403,Jan van Eyck
TEST_03404,Kazimir Malevich
TEST_03405,Albrecht Du rer
TEST_03406,Vincent van Gogh
TEST_03407,Alfred Sisley
TEST_03408,Pieter Bruegel
TEST_03409,Vincent van Gogh
TEST_03410,Pieter Bruegel
TEST_03411,Pieter Bruegel
TEST_03412,Peter Paul Rubens
TEST_03413,Georges Seurat
TEST_03414,Rembrandt
TEST_03415,Andy Warhol
TEST_03416,Vincent van Gogh
TEST_03417,Andrei Rublev
TEST_03418,Francisco Goya
TEST_03419,Paul Klee
TEST_03420,Paul Klee
TEST_03421,Paul Gauguin
TEST_03422,Pierre-Auguste Renoir
TEST_03423,Giotto di Bondone
TEST_03424,Gustav Klimt
TEST_03425,Vincent van Gogh
TEST_03426,Diego Rivera
TEST_03427,Pierre-Auguste Renoir
TEST_03428,Vincent van Gogh
TEST_03429,Albrecht Du rer
TEST_03430,Albrecht Du rer
TEST_03431,Leonardo da Vinci
TEST_03432,Sandro Botticelli
TEST_03433,Albrecht Du rer
TEST_03434,Rembrandt
TEST_03435,Albrecht Du rer
TEST_03436,Francisco Goya
TEST_03437,Alfred Sisley
TEST_03438,Pieter Bruegel
TEST_03439,Giotto di Bondone
TEST_03440,Kazimir Malevich
TEST_03441,Vincent van Gogh
TEST_03442,Albrecht Du rer
TEST_03443,Pieter Bruegel
TEST_03444,Titian
TEST_03445,Albrecht Du rer
TEST_03446,Vincent van Gogh
TEST_03447,Andy Warhol
TEST_03448,Leonardo da Vinci
TEST_03449,Edouard Manet
TEST_03450,Peter Paul Rubens
TEST_03451,Jan van Eyck
TEST_03452,Michelangelo
TEST_03453,Pierre-Auguste Renoir
TEST_03454,Vincent van Gogh
TEST_03455,Georges Seurat
TEST_03456,Alfred Sisley
TEST_03457,Titian
TEST_03458,William Turner
TEST_03459,Claude Monet
TEST_03460,Caravaggio
TEST_03461,Pierre-Auguste Renoir
TEST_03462,Paul Gauguin
TEST_03463,Pierre-Auguste Renoir
TEST_03464,Pieter Bruegel
TEST_03465,Henri Matisse
TEST_03466,Marc Chagall
TEST_03467,Albrecht Du rer
TEST_03468,Kazimir Malevich
TEST_03469,Rene Magritte
TEST_03470,Paul Gauguin
TEST_03471,Rembrandt
TEST_03472,Andrei Rublev
TEST_03473,Marc Chagall
TEST_03474,Pieter Bruegel
TEST_03475,Jan van Eyck
TEST_03476,Vincent van Gogh
TEST_03477,Leonardo da Vinci
TEST_03478,Georges Seurat
TEST_03479,Vincent van Gogh
TEST_03480,Pieter Bruegel
TEST_03481,Pieter Bruegel
TEST_03482,Albrecht Du rer
TEST_03483,Mikhail Vrubel
TEST_03484,William Turner
TEST_03485,Vincent van Gogh
TEST_03486,Alfred Sisley
TEST_03487,Albrecht Du rer
TEST_03488,Pierre-Auguste Renoir
TEST_03489,Giotto di Bondone
TEST_03490,Francisco Goya
TEST_03491,Andrei Rublev
TEST_03492,Albrecht Du rer
TEST_03493,Andy Warhol
TEST_03494,Peter Paul Rubens
TEST_03495,Rembrandt
TEST_03496,Paul Gauguin
TEST_03497,Alfred Sisley
TEST_03498,Leonardo da Vinci
TEST_03499,Andy Warhol
TEST_03500,Diego Rivera
TEST_03501,Albrecht Du rer
TEST_03502,Albrecht Du rer
TEST_03503,Gustav Klimt
TEST_03504,Jan van Eyck
TEST_03505,Alfred Sisley
TEST_03506,Pieter Bruegel
TEST_03507,Edvard Munch
TEST_03508,Pierre-Auguste Renoir
TEST_03509,Pierre-Auguste Renoir
TEST_03510,Claude Monet
TEST_03511,Frida Kahlo
TEST_03512,Rene Magritte
TEST_03513,Rembrandt
TEST_03514,Albrecht Du rer
TEST_03515,Jan van Eyck
TEST_03516,Gustav Klimt
TEST_03517,Leonardo da Vinci
TEST_03518,Francisco Goya
TEST_03519,Edouard Manet
TEST_03520,Gustav Klimt
TEST_03521,Jan van Eyck
TEST_03522,Albrecht Du rer
TEST_03523,Andy Warhol
TEST_03524,Vasiliy Kandinskiy
TEST_03525,Caravaggio
TEST_03526,Albrecht Du rer
TEST_03527,Andy Warhol
TEST_03528,Jan van Eyck
TEST_03529,Salvador Dali
TEST_03530,Caravaggio
TEST_03531,Albrecht Du rer
TEST_03532,Kazimir Malevich
TEST_03533,Pieter Bruegel
TEST_03534,Piet Mondrian
TEST_03535,Albrecht Du rer
TEST_03536,Camille Pissarro
TEST_03537,Pierre-Auguste Renoir
TEST_03538,Giotto di Bondone
TEST_03539,Leonardo da Vinci
TEST_03540,Albrecht Du rer
TEST_03541,Pierre-Auguste Renoir
TEST_03542,Albrecht Du rer
TEST_03543,Titian
TEST_03544,Alfred Sisley
TEST_03545,Sandro Botticelli
TEST_03546,Hieronymus Bosch
TEST_03547,Leonardo da Vinci
TEST_03548,Albrecht Du rer
TEST_03549,Pieter Bruegel
TEST_03550,Pieter Bruegel
TEST_03551,Francisco Goya
TEST_03552,Pieter Bruegel
TEST_03553,Leonardo da Vinci
TEST_03554,Leonardo da Vinci
TEST_03555,Jan van Eyck
TEST_03556,Paul Gauguin
TEST_03557,Camille Pissarro
TEST_03558,Andrei Rublev
TEST_03559,Leonardo da Vinci
TEST_03560,Alfred Sisley
TEST_03561,Frida Kahlo
TEST_03562,Leonardo da Vinci
TEST_03563,Vincent van Gogh
TEST_03564,Albrecht Du rer
TEST_03565,Pierre-Auguste Renoir
TEST_03566,Paul Gauguin
TEST_03567,Vincent van Gogh
TEST_03568,Rembrandt
TEST_03569,Albrecht Du rer
TEST_03570,Vincent van Gogh
TEST_03571,Vincent van Gogh
TEST_03572,Sandro Botticelli
TEST_03573,El Greco
TEST_03574,Rembrandt
TEST_03575,Pieter Bruegel
TEST_03576,Pierre-Auguste Renoir
TEST_03577,Leonardo da Vinci
TEST_03578,Francisco Goya
TEST_03579,Peter Paul Rubens
TEST_03580,Alfred Sisley
TEST_03581,Raphael
TEST_03582,Caravaggio
TEST_03583,Leonardo da Vinci
TEST_03584,Leonardo da Vinci
TEST_03585,Leonardo da Vinci
TEST_03586,William Turner
TEST_03587,Paul Klee
TEST_03588,Leonardo da Vinci
TEST_03589,Pieter Bruegel
TEST_03590,Francisco Goya
TEST_03591,Pieter Bruegel
TEST_03592,Leonardo da Vinci
TEST_03593,Paul Klee
TEST_03594,Diego Rivera
TEST_03595,Mikhail Vrubel
TEST_03596,Paul Gauguin
TEST_03597,Camille Pissarro
TEST_03598,Michelangelo
TEST_03599,Albrecht Du rer
TEST_03600,Pierre-Auguste Renoir
TEST_03601,Leonardo da Vinci
TEST_03602,Michelangelo
TEST_03603,Paul Gauguin
TEST_03604,Alfred Sisley
TEST_03605,Albrecht Du rer
TEST_03606,Francisco Goya
TEST_03607,Pierre-Auguste Renoir
TEST_03608,Piet Mondrian
TEST_03609,Pieter Bruegel
TEST_03610,Albrecht Du rer
TEST_03611,Frida Kahlo
TEST_03612,Francisco Goya
TEST_03613,Paul Gauguin
TEST_03614,Leonardo da Vinci
TEST_03615,Albrecht Du rer
TEST_03616,Rene Magritte
TEST_03617,William Turner
TEST_03618,El Greco
TEST_03619,Marc Chagall
TEST_03620,Albrecht Du rer
TEST_03621,Marc Chagall
TEST_03622,Jan van Eyck
TEST_03623,Albrecht Du rer
TEST_03624,Paul Klee
TEST_03625,Francisco Goya
TEST_03626,Alfred Sisley
TEST_03627,Jan van Eyck
TEST_03628,Andy Warhol
TEST_03629,Jackson Pollock
TEST_03630,Francisco Goya
TEST_03631,Pieter Bruegel
TEST_03632,Vincent van Gogh
TEST_03633,Paul Klee
TEST_03634,Albrecht Du rer
TEST_03635,Andy Warhol
TEST_03636,Pierre-Auguste Renoir
TEST_03637,Francisco Goya
TEST_03638,Mikhail Vrubel
TEST_03639,Vincent van Gogh
TEST_03640,William Turner
TEST_03641,Andrei Rublev
TEST_03642,Paul Gauguin
TEST_03643,Pieter Bruegel
TEST_03644,Caravaggio
TEST_03645,Albrecht Du rer
TEST_03646,Salvador Dali
TEST_03647,Leonardo da Vinci
TEST_03648,Gustav Klimt
TEST_03649,Mikhail Vrubel
TEST_03650,Albrecht Du rer
TEST_03651,Andy Warhol
TEST_03652,Andrei Rublev
TEST_03653,William Turner
TEST_03654,Kazimir Malevich
TEST_03655,Amedeo Modigliani
TEST_03656,Georges Seurat
TEST_03657,Pierre-Auguste Renoir
TEST_03658,Marc Chagall
TEST_03659,Titian
TEST_03660,Francisco Goya
TEST_03661,Pierre-Auguste Renoir
TEST_03662,Edouard Manet
TEST_03663,Salvador Dali
TEST_03664,Frida Kahlo
TEST_03665,Sandro Botticelli
TEST_03666,Kazimir Malevich
TEST_03667,Gustav Klimt
TEST_03668,Pierre-Auguste Renoir
TEST_03669,Leonardo da Vinci
TEST_03670,Georges Seurat
TEST_03671,Giotto di Bondone
TEST_03672,Leonardo da Vinci
TEST_03673,Giotto di Bondone
TEST_03674,Sandro Botticelli
TEST_03675,Henri de Toulouse-Lautrec
TEST_03676,Vincent van Gogh
TEST_03677,Georges Seurat
TEST_03678,Francisco Goya
TEST_03679,Pieter Bruegel
TEST_03680,Vincent van Gogh
TEST_03681,Caravaggio
TEST_03682,Andy Warhol
TEST_03683,Vincent van Gogh
TEST_03684,Leonardo da Vinci
TEST_03685,Rembrandt
TEST_03686,Gustav Klimt
TEST_03687,Rene Magritte
TEST_03688,Rene Magritte
TEST_03689,Pierre-Auguste Renoir
TEST_03690,Paul Klee
TEST_03691,Rembrandt
TEST_03692,Rembrandt
TEST_03693,Vincent van Gogh
TEST_03694,El Greco
TEST_03695,Pieter Bruegel
TEST_03696,Jan van Eyck
TEST_03697,Francisco Goya
TEST_03698,Vincent van Gogh
TEST_03699,Jackson Pollock
TEST_03700,El Greco
TEST_03701,Sandro Botticelli
TEST_03702,Albrecht Du rer
TEST_03703,Pablo Picasso
TEST_03704,Vincent van Gogh
TEST_03705,Salvador Dali
TEST_03706,Peter Paul Rubens
TEST_03707,Pierre-Auguste Renoir
TEST_03708,Leonardo da Vinci
TEST_03709,Georges Seurat
TEST_03710,El Greco
TEST_03711,Marc Chagall
TEST_03712,Alfred Sisley
TEST_03713,Paul Gauguin
TEST_03714,Pablo Picasso
TEST_03715,Georges Seurat
TEST_03716,Rene Magritte
TEST_03717,Albrecht Du rer
TEST_03718,Vincent van Gogh
TEST_03719,Diego Rivera
TEST_03720,Francisco Goya
TEST_03721,Albrecht Du rer
TEST_03722,Rembrandt
TEST_03723,Leonardo da Vinci
TEST_03724,Vincent van Gogh
TEST_03725,Alfred Sisley
TEST_03726,Pieter Bruegel
TEST_03727,Gustav Klimt
TEST_03728,Francisco Goya
TEST_03729,Rembrandt
TEST_03730,Salvador Dali
TEST_03731,Leonardo da Vinci
TEST_03732,Vincent van Gogh
TEST_03733,Pieter Bruegel
TEST_03734,Vincent van Gogh
TEST_03735,Alfred Sisley
TEST_03736,Vincent van Gogh
TEST_03737,Albrecht Du rer
TEST_03738,Pierre-Auguste Renoir
TEST_03739,Leonardo da Vinci
TEST_03740,Alfred Sisley
TEST_03741,Camille Pissarro
TEST_03742,Titian
TEST_03743,Vincent van Gogh
TEST_03744,Paul Klee
TEST_03745,Pieter Bruegel
TEST_03746,Leonardo da Vinci
TEST_03747,Jackson Pollock
TEST_03748,Mikhail Vrubel
TEST_03749,Vincent van Gogh
TEST_03750,Leonardo da Vinci
TEST_03751,Vincent van Gogh
TEST_03752,Vincent van Gogh
TEST_03753,Leonardo da Vinci
TEST_03754,El Greco
TEST_03755,Paul Klee
TEST_03756,Kazimir Malevich
TEST_03757,Paul Gauguin
TEST_03758,Jackson Pollock
TEST_03759,Alfred Sisley
TEST_03760,Jan van Eyck
TEST_03761,Pierre-Auguste Renoir
TEST_03762,Vincent van Gogh
TEST_03763,Mikhail Vrubel
TEST_03764,El Greco
TEST_03765,Jan van Eyck
TEST_03766,Mikhail Vrubel
TEST_03767,Rembrandt
TEST_03768,Peter Paul Rubens
TEST_03769,Pierre-Auguste Renoir
TEST_03770,Vincent van Gogh
TEST_03771,Pierre-Auguste Renoir
TEST_03772,Andrei Rublev
TEST_03773,Andy Warhol
TEST_03774,Joan Miro
TEST_03775,Rene Magritte
TEST_03776,Leonardo da Vinci
TEST_03777,Albrecht Du rer
TEST_03778,Pablo Picasso
TEST_03779,Gustav Klimt
TEST_03780,Peter Paul Rubens
TEST_03781,Leonardo da Vinci
TEST_03782,Paul Gauguin
TEST_03783,El Greco
TEST_03784,Titian
TEST_03785,Francisco Goya
TEST_03786,Jackson Pollock
TEST_03787,Joan Miro
TEST_03788,Salvador Dali
TEST_03789,Paul Gauguin
TEST_03790,Pieter Bruegel
TEST_03791,Jan van Eyck
TEST_03792,Titian
TEST_03793,Mikhail Vrubel
TEST_03794,Amedeo Modigliani
TEST_03795,Francisco Goya
TEST_03796,El Greco
TEST_03797,Pieter Bruegel
TEST_03798,Jackson Pollock
TEST_03799,Pieter Bruegel
TEST_03800,Leonardo da Vinci
TEST_03801,Pieter Bruegel
TEST_03802,Pieter Bruegel
TEST_03803,Gustav Klimt
TEST_03804,Georges Seurat
TEST_03805,Andy Warhol
TEST_03806,Vincent van Gogh
TEST_03807,Vincent van Gogh
TEST_03808,Pierre-Auguste Renoir
TEST_03809,Kazimir Malevich
TEST_03810,Titian
TEST_03811,Paul Klee
TEST_03812,Diego Rivera
TEST_03813,Camille Pissarro
TEST_03814,Amedeo Modigliani
TEST_03815,Giotto di Bondone
TEST_03816,Gustav Klimt
TEST_03817,Paul Klee
TEST_03818,Paul Gauguin
TEST_03819,Jan van Eyck
TEST_03820,Sandro Botticelli
TEST_03821,Jan van Eyck
TEST_03822,Giotto di Bondone
TEST_03823,Albrecht Du rer
TEST_03824,Caravaggio
TEST_03825,Vincent van Gogh
TEST_03826,Amedeo Modigliani
TEST_03827,Paul Gauguin
TEST_03828,Vincent van Gogh
TEST_03829,Georges Seurat
TEST_03830,Salvador Dali
TEST_03831,Gustav Klimt
TEST_03832,Pierre-Auguste Renoir
TEST_03833,Paul Gauguin
TEST_03834,Pieter Bruegel
TEST_03835,Piet Mondrian
TEST_03836,Francisco Goya
TEST_03837,Piet Mondrian
TEST_03838,Pieter Bruegel
TEST_03839,Pieter Bruegel
TEST_03840,Paul Gauguin
TEST_03841,Albrecht Du rer
TEST_03842,Leonardo da Vinci
TEST_03843,Jan van Eyck
TEST_03844,Rene Magritte
TEST_03845,Albrecht Du rer
TEST_03846,Pieter Bruegel
TEST_03847,Pierre-Auguste Renoir
TEST_03848,Peter Paul Rubens
TEST_03849,El Greco
TEST_03850,Albrecht Du rer
TEST_03851,Pierre-Auguste Renoir
TEST_03852,Leonardo da Vinci
TEST_03853,Pieter Bruegel
TEST_03854,Vincent van Gogh
TEST_03855,Francisco Goya
TEST_03856,Vincent van Gogh
TEST_03857,Camille Pissarro
TEST_03858,Vincent van Gogh
TEST_03859,Jan van Eyck
TEST_03860,Sandro Botticelli
TEST_03861,Albrecht Du rer
TEST_03862,Salvador Dali
TEST_03863,Albrecht Du rer
TEST_03864,Albrecht Du rer
TEST_03865,El Greco
TEST_03866,Paul Gauguin
TEST_03867,Leonardo da Vinci
TEST_03868,Leonardo da Vinci
TEST_03869,Paul Gauguin
TEST_03870,Leonardo da Vinci
TEST_03871,Sandro Botticelli
TEST_03872,Albrecht Du rer
TEST_03873,Rembrandt
TEST_03874,Leonardo da Vinci
TEST_03875,Pablo Picasso
TEST_03876,Francisco Goya
TEST_03877,Rembrandt
TEST_03878,Rembrandt
TEST_03879,Paul Gauguin
TEST_03880,Paul Gauguin
TEST_03881,Albrecht Du rer
TEST_03882,Gustav Klimt
TEST_03883,Vincent van Gogh
TEST_03884,Pablo Picasso
TEST_03885,Frida Kahlo
TEST_03886,Leonardo da Vinci
TEST_03887,Jan van Eyck
TEST_03888,Jan van Eyck
TEST_03889,William Turner
TEST_03890,Vincent van Gogh
TEST_03891,Leonardo da Vinci
TEST_03892,Leonardo da Vinci
TEST_03893,Diego Rivera
TEST_03894,Peter Paul Rubens
TEST_03895,Salvador Dali
TEST_03896,Rembrandt
TEST_03897,Leonardo da Vinci
TEST_03898,Rene Magritte
TEST_03899,Kazimir Malevich
TEST_03900,Francisco Goya
TEST_03901,Titian
TEST_03902,Leonardo da Vinci
TEST_03903,Albrecht Du rer
TEST_03904,Caravaggio
TEST_03905,Albrecht Du rer
TEST_03906,Vincent van Gogh
TEST_03907,Vincent van Gogh
TEST_03908,Leonardo da Vinci
TEST_03909,Pieter Bruegel
TEST_03910,Pierre-Auguste Renoir
TEST_03911,Hieronymus Bosch
TEST_03912,Andrei Rublev
TEST_03913,Alfred Sisley
TEST_03914,Vincent van Gogh
TEST_03915,El Greco
TEST_03916,Jan van Eyck
TEST_03917,Camille Pissarro
TEST_03918,El Greco
TEST_03919,Gustav Klimt
TEST_03920,Albrecht Du rer
TEST_03921,Rembrandt
TEST_03922,Sandro Botticelli
TEST_03923,Alfred Sisley
TEST_03924,Albrecht Du rer
TEST_03925,Francisco Goya
TEST_03926,Pieter Bruegel
TEST_03927,Pieter Bruegel
TEST_03928,Gustav Klimt
TEST_03929,Kazimir Malevich
TEST_03930,Vincent van Gogh
TEST_03931,Leonardo da Vinci
TEST_03932,Giotto di Bondone
TEST_03933,Alfred Sisley
TEST_03934,Diego Rivera
TEST_03935,Caravaggio
TEST_03936,Pablo Picasso
TEST_03937,El Greco
TEST_03938,Albrecht Du rer
TEST_03939,Pablo Picasso
TEST_03940,Pierre-Auguste Renoir
TEST_03941,Albrecht Du rer
TEST_03942,Piet Mondrian
TEST_03943,Paul Gauguin
TEST_03944,Giotto di Bondone
TEST_03945,Mikhail Vrubel
TEST_03946,Albrecht Du rer
TEST_03947,Paul Gauguin
TEST_03948,Frida Kahlo
TEST_03949,Paul Klee
TEST_03950,Giotto di Bondone
TEST_03951,Vincent van Gogh
TEST_03952,Vincent van Gogh
TEST_03953,Vincent van Gogh
TEST_03954,Jan van Eyck
TEST_03955,Vincent van Gogh
TEST_03956,Leonardo da Vinci
TEST_03957,Paul Gauguin
TEST_03958,Jackson Pollock
TEST_03959,Michelangelo
TEST_03960,Giotto di Bondone
TEST_03961,Raphael
TEST_03962,Leonardo da Vinci
TEST_03963,Giotto di Bondone
TEST_03964,Pablo Picasso
TEST_03965,Diego Rivera
TEST_03966,Jackson Pollock
TEST_03967,Piet Mondrian
TEST_03968,Pierre-Auguste Renoir
TEST_03969,Vincent van Gogh
TEST_03970,Jan van Eyck
TEST_03971,Leonardo da Vinci
TEST_03972,Pierre-Auguste Renoir
TEST_03973,Andrei Rublev
TEST_03974,Edgar Degas
TEST_03975,El Greco
TEST_03976,Vincent van Gogh
TEST_03977,Peter Paul Rubens
TEST_03978,Jan van Eyck
TEST_03979,Peter Paul Rubens
TEST_03980,Alfred Sisley
TEST_03981,Henri Matisse
TEST_03982,Albrecht Du rer
TEST_03983,Peter Paul Rubens
TEST_03984,Leonardo da Vinci
TEST_03985,Peter Paul Rubens
TEST_03986,Gustav Klimt
TEST_03987,Gustav Klimt
TEST_03988,Alfred Sisley
TEST_03989,Vincent van Gogh
TEST_03990,Camille Pissarro
TEST_03991,Vincent van Gogh
TEST_03992,Andrei Rublev
TEST_03993,Paul Gauguin
TEST_03994,Pierre-Auguste Renoir
TEST_03995,Albrecht Du rer
TEST_03996,Kazimir Malevich
TEST_03997,Pieter Bruegel
TEST_03998,Diego Rivera
TEST_03999,Gustav Klimt
TEST_04000,Peter Paul Rubens
TEST_04001,Vincent van Gogh
TEST_04002,Leonardo da Vinci
TEST_04003,Rene Magritte
TEST_04004,Peter Paul Rubens
TEST_04005,Gustav Klimt
TEST_04006,Pieter Bruegel
TEST_04007,Vincent van Gogh
TEST_04008,Leonardo da Vinci
TEST_04009,Frida Kahlo
TEST_04010,Vincent van Gogh
TEST_04011,Jan van Eyck
TEST_04012,Jan van Eyck
TEST_04013,Hieronymus Bosch
TEST_04014,Francisco Goya
TEST_04015,Vincent van Gogh
TEST_04016,Albrecht Du rer
TEST_04017,Jan van Eyck
TEST_04018,Leonardo da Vinci
TEST_04019,Gustav Klimt
TEST_04020,Jan van Eyck
TEST_04021,Jan van Eyck
TEST_04022,Albrecht Du rer
TEST_04023,Gustav Klimt
TEST_04024,Edgar Degas
TEST_04025,Peter Paul Rubens
TEST_04026,Francisco Goya
TEST_04027,Paul Gauguin
TEST_04028,Rene Magritte
TEST_04029,Vincent van Gogh
TEST_04030,Jackson Pollock
TEST_04031,Vincent van Gogh
TEST_04032,Pierre-Auguste Renoir
TEST_04033,Paul Klee
TEST_04034,Leonardo da Vinci
TEST_04035,Francisco Goya
TEST_04036,Pierre-Auguste Renoir
TEST_04037,Paul Klee
TEST_04038,Andrei Rublev
TEST_04039,Vincent van Gogh
TEST_04040,Pieter Bruegel
TEST_04041,Leonardo da Vinci
TEST_04042,Titian
TEST_04043,Giotto di Bondone
TEST_04044,Piet Mondrian
TEST_04045,Pieter Bruegel
TEST_04046,Georges Seurat
TEST_04047,Leonardo da Vinci
TEST_04048,Mikhail Vrubel
TEST_04049,El Greco
TEST_04050,Andy Warhol
TEST_04051,Alfred Sisley
TEST_04052,Sandro Botticelli
TEST_04053,Francisco Goya
TEST_04054,Mikhail Vrubel
TEST_04055,Frida Kahlo
TEST_04056,Leonardo da Vinci
TEST_04057,Jackson Pollock
TEST_04058,Frida Kahlo
TEST_04059,Giotto di Bondone
TEST_04060,Francisco Goya
TEST_04061,Francisco Goya
TEST_04062,Leonardo da Vinci
TEST_04063,El Greco
TEST_04064,Francisco Goya
TEST_04065,Andrei Rublev
TEST_04066,Alfred Sisley
TEST_04067,Giotto di Bondone
TEST_04068,Vincent van Gogh
TEST_04069,Albrecht Du rer
TEST_04070,Albrecht Du rer
TEST_04071,Georges Seurat
TEST_04072,Diego Rivera
TEST_04073,Albrecht Du rer
TEST_04074,Jan van Eyck
TEST_04075,Vincent van Gogh
TEST_04076,Marc Chagall
TEST_04077,Pieter Bruegel
TEST_04078,Peter Paul Rubens
TEST_04079,William Turner
TEST_04080,Gustav Klimt
TEST_04081,Albrecht Du rer
TEST_04082,Georges Seurat
TEST_04083,Alfred Sisley
TEST_04084,Leonardo da Vinci
TEST_04085,Pierre-Auguste Renoir
TEST_04086,Michelangelo
TEST_04087,Francisco Goya
TEST_04088,Leonardo da Vinci
TEST_04089,Jackson Pollock
TEST_04090,Vincent van Gogh
TEST_04091,William Turner
TEST_04092,Hieronymus Bosch
TEST_04093,Alfred Sisley
TEST_04094,Gustav Klimt
TEST_04095,El Greco
TEST_04096,Paul Gauguin
TEST_04097,Paul Klee
TEST_04098,Gustav Klimt
TEST_04099,Vincent van Gogh
TEST_04100,Piet Mondrian
TEST_04101,Jackson Pollock
TEST_04102,Rembrandt
TEST_04103,Paul Gauguin
TEST_04104,Titian
TEST_04105,Pierre-Auguste Renoir
TEST_04106,Albrecht Du rer
TEST_04107,Kazimir Malevich
TEST_04108,Diego Velazquez
TEST_04109,Francisco Goya
TEST_04110,Giotto di Bondone
TEST_04111,El Greco
TEST_04112,Sandro Botticelli
TEST_04113,Jackson Pollock
TEST_04114,Vincent van Gogh
TEST_04115,Vincent van Gogh
TEST_04116,El Greco
TEST_04117,Vincent van Gogh
TEST_04118,Piet Mondrian
TEST_04119,Gustav Klimt
TEST_04120,Jan van Eyck
TEST_04121,Pierre-Auguste Renoir
TEST_04122,Titian
TEST_04123,Salvador Dali
TEST_04124,Diego Rivera
TEST_04125,Jan van Eyck
TEST_04126,Vincent van Gogh
TEST_04127,Rembrandt
TEST_04128,Vincent van Gogh
TEST_04129,Sandro Botticelli
TEST_04130,Vincent van Gogh
TEST_04131,Leonardo da Vinci
TEST_04132,Kazimir Malevich
TEST_04133,William Turner
TEST_04134,Raphael
TEST_04135,El Greco
TEST_04136,Marc Chagall
TEST_04137,Titian
TEST_04138,Vincent van Gogh
TEST_04139,Titian
TEST_04140,Kazimir Malevich
TEST_04141,Andrei Rublev
TEST_04142,Pieter Bruegel
TEST_04143,Sandro Botticelli
TEST_04144,Albrecht Du rer
TEST_04145,Gustav Klimt
TEST_04146,Kazimir Malevich
TEST_04147,Kazimir Malevich
TEST_04148,Rembrandt
TEST_04149,Sandro Botticelli
TEST_04150,Leonardo da Vinci
TEST_04151,Jackson Pollock
TEST_04152,Leonardo da Vinci
TEST_04153,Albrecht Du rer
TEST_04154,Diego Rivera
TEST_04155,Pieter Bruegel
TEST_04156,Vincent van Gogh
TEST_04157,Leonardo da Vinci
TEST_04158,Gustav Klimt
TEST_04159,Pierre-Auguste Renoir
TEST_04160,Paul Gauguin
TEST_04161,Leonardo da Vinci
TEST_04162,Pierre-Auguste Renoir
TEST_04163,Leonardo da Vinci
TEST_04164,Albrecht Du rer
TEST_04165,William Turner
TEST_04166,Paul Gauguin
TEST_04167,William Turner
TEST_04168,Peter Paul Rubens
TEST_04169,Frida Kahlo
TEST_04170,Leonardo da Vinci
TEST_04171,Leonardo da Vinci
TEST_04172,Kazimir Malevich
TEST_04173,Albrecht Du rer
TEST_04174,Francisco Goya
TEST_04175,Caravaggio
TEST_04176,Gustav Klimt
TEST_04177,Leonardo da Vinci
TEST_04178,Pieter Bruegel
TEST_04179,William Turner
TEST_04180,Pieter Bruegel
TEST_04181,Diego Rivera
TEST_04182,Vincent van Gogh
TEST_04183,Leonardo da Vinci
TEST_04184,Vincent van Gogh
TEST_04185,Leonardo da Vinci
TEST_04186,Andy Warhol
TEST_04187,William Turner
TEST_04188,Caravaggio
TEST_04189,El Greco
TEST_04190,Vincent van Gogh
TEST_04191,Camille Pissarro
TEST_04192,Albrecht Du rer
TEST_04193,Albrecht Du rer
TEST_04194,Titian
TEST_04195,Pieter Bruegel
TEST_04196,Vincent van Gogh
TEST_04197,Francisco Goya
TEST_04198,Albrecht Du rer
TEST_04199,Piet Mondrian
TEST_04200,Sandro Botticelli
TEST_04201,Leonardo da Vinci
TEST_04202,Francisco Goya
TEST_04203,Piet Mondrian
TEST_04204,Vincent van Gogh
TEST_04205,Rene Magritte
TEST_04206,Marc Chagall
TEST_04207,Vincent van Gogh
TEST_04208,Raphael
TEST_04209,Diego Rivera
TEST_04210,Vincent van Gogh
TEST_04211,Kazimir Malevich
TEST_04212,Diego Rivera
TEST_04213,Peter Paul Rubens
TEST_04214,Paul Klee
TEST_04215,Leonardo da Vinci
TEST_04216,Andrei Rublev
TEST_04217,Leonardo da Vinci
TEST_04218,Giotto di Bondone
TEST_04219,Paul Gauguin
TEST_04220,Jackson Pollock
TEST_04221,Andrei Rublev
TEST_04222,Diego Rivera
TEST_04223,Sandro Botticelli
TEST_04224,Alfred Sisley
TEST_04225,Piet Mondrian
TEST_04226,Gustav Klimt
TEST_04227,Paul Klee
TEST_04228,Francisco Goya
TEST_04229,Salvador Dali
TEST_04230,Pablo Picasso
TEST_04231,Leonardo da Vinci
TEST_04232,Marc Chagall
TEST_04233,Salvador Dali
TEST_04234,El Greco
TEST_04235,Rene Magritte
TEST_04236,Pieter Bruegel
TEST_04237,Francisco Goya
TEST_04238,Marc Chagall
TEST_04239,Kazimir Malevich
TEST_04240,Pieter Bruegel
TEST_04241,Jan van Eyck
TEST_04242,Pierre-Auguste Renoir
TEST_04243,Vincent van Gogh
TEST_04244,Pablo Picasso
TEST_04245,Paul Gauguin
TEST_04246,Vincent van Gogh
TEST_04247,Vincent van Gogh
TEST_04248,Camille Pissarro
TEST_04249,Sandro Botticelli
TEST_04250,Pablo Picasso
TEST_04251,Francisco Goya
TEST_04252,Piet Mondrian
TEST_04253,Georges Seurat
TEST_04254,Paul Klee
TEST_04255,Mikhail Vrubel
TEST_04256,Vincent van Gogh
TEST_04257,Gustav Klimt
TEST_04258,Kazimir Malevich
TEST_04259,Pieter Bruegel
TEST_04260,Pierre-Auguste Renoir
TEST_04261,Pierre-Auguste Renoir
TEST_04262,Frida Kahlo
TEST_04263,Sandro Botticelli
TEST_04264,Leonardo da Vinci
TEST_04265,William Turner
TEST_04266,Alfred Sisley
TEST_04267,Leonardo da Vinci
TEST_04268,Paul Klee
TEST_04269,Gustav Klimt
TEST_04270,Pablo Picasso
TEST_04271,Kazimir Malevich
TEST_04272,Piet Mondrian
TEST_04273,Sandro Botticelli
TEST_04274,Pieter Bruegel
TEST_04275,Andrei Rublev
TEST_04276,Francisco Goya
TEST_04277,Vincent van Gogh
TEST_04278,Sandro Botticelli
TEST_04279,Gustav Klimt
TEST_04280,Leonardo da Vinci
TEST_04281,William Turner
TEST_04282,Andy Warhol
TEST_04283,Rembrandt
TEST_04284,Paul Klee
TEST_04285,Paul Gauguin
TEST_04286,Albrecht Du rer
TEST_04287,El Greco
TEST_04288,Leonardo da Vinci
TEST_04289,Mikhail Vrubel
TEST_04290,Vincent van Gogh
TEST_04291,Albrecht Du rer
TEST_04292,Sandro Botticelli
TEST_04293,El Greco
TEST_04294,Andrei Rublev
TEST_04295,Piet Mondrian
TEST_04296,Marc Chagall
TEST_04297,Piet Mondrian
TEST_04298,Gustav Klimt
TEST_04299,Pierre-Auguste Renoir
TEST_04300,Francisco Goya
TEST_04301,Vincent van Gogh
TEST_04302,Jan van Eyck
TEST_04303,Albrecht Du rer
TEST_04304,Pieter Bruegel
TEST_04305,El Greco
TEST_04306,Albrecht Du rer
TEST_04307,Pierre-Auguste Renoir
TEST_04308,William Turner
TEST_04309,Pieter Bruegel
TEST_04310,Alfred Sisley
TEST_04311,Leonardo da Vinci
TEST_04312,Piet Mondrian
TEST_04313,Paul Klee
TEST_04314,Kazimir Malevich
TEST_04315,Pablo Picasso
TEST_04316,Paul Klee
TEST_04317,Sandro Botticelli
TEST_04318,Albrecht Du rer
TEST_04319,Pieter Bruegel
TEST_04320,Pierre-Auguste Renoir
TEST_04321,Vincent van Gogh
TEST_04322,Jan van Eyck
TEST_04323,Jan van Eyck
TEST_04324,Sandro Botticelli
TEST_04325,Giotto di Bondone
TEST_04326,Francisco Goya
TEST_04327,Camille Pissarro
TEST_04328,Kazimir Malevich
TEST_04329,Jan van Eyck
TEST_04330,Pierre-Auguste Renoir
TEST_04331,Paul Klee
TEST_04332,Edgar Degas
TEST_04333,Caravaggio
TEST_04334,Rembrandt
TEST_04335,Francisco Goya
TEST_04336,Alfred Sisley
TEST_04337,Camille Pissarro
TEST_04338,Leonardo da Vinci
TEST_04339,Vincent van Gogh
TEST_04340,Alfred Sisley
TEST_04341,Vincent van Gogh
TEST_04342,Kazimir Malevich
TEST_04343,Leonardo da Vinci
TEST_04344,Andy Warhol
TEST_04345,Leonardo da Vinci
TEST_04346,Vincent van Gogh
TEST_04347,Pieter Bruegel
TEST_04348,Titian
TEST_04349,Albrecht Du rer
TEST_04350,Vincent van Gogh
TEST_04351,Sandro Botticelli
TEST_04352,Leonardo da Vinci
TEST_04353,Jan van Eyck
TEST_04354,Albrecht Du rer
TEST_04355,Gustav Klimt
TEST_04356,Gustav Klimt
TEST_04357,Titian
TEST_04358,Titian
TEST_04359,Francisco Goya
TEST_04360,Leonardo da Vinci
TEST_04361,Pablo Picasso
TEST_04362,El Greco
TEST_04363,Gustav Klimt
TEST_04364,Francisco Goya
TEST_04365,Alfred Sisley
TEST_04366,Raphael
TEST_04367,Pieter Bruegel
TEST_04368,Andy Warhol
TEST_04369,Edvard Munch
TEST_04370,Pieter Bruegel
TEST_04371,Andrei Rublev
TEST_04372,Albrecht Du rer
TEST_04373,Pablo Picasso
TEST_04374,Paul Gauguin
TEST_04375,William Turner
TEST_04376,Vincent van Gogh
TEST_04377,Rene Magritte
TEST_04378,Gustav Klimt
TEST_04379,Gustav Klimt
TEST_04380,Mikhail Vrubel
TEST_04381,Albrecht Du rer
TEST_04382,Alfred Sisley
TEST_04383,Albrecht Du rer
TEST_04384,Salvador Dali
TEST_04385,Mikhail Vrubel
TEST_04386,Leonardo da Vinci
TEST_04387,Pablo Picasso
TEST_04388,Vincent van Gogh
TEST_04389,Vincent van Gogh
TEST_04390,Alfred Sisley
TEST_04391,Vincent van Gogh
TEST_04392,Leonardo da Vinci
TEST_04393,Pablo Picasso
TEST_04394,Albrecht Du rer
TEST_04395,Albrecht Du rer
TEST_04396,Georges Seurat
TEST_04397,El Greco
TEST_04398,Leonardo da Vinci
TEST_04399,Leonardo da Vinci
TEST_04400,Paul Gauguin
TEST_04401,Paul Gauguin
TEST_04402,Albrecht Du rer
TEST_04403,Sandro Botticelli
TEST_04404,Jan van Eyck
TEST_04405,Leonardo da Vinci
TEST_04406,Diego Rivera
TEST_04407,Francisco Goya
TEST_04408,Leonardo da Vinci
TEST_04409,Rene Magritte
TEST_04410,Alfred Sisley
TEST_04411,Albrecht Du rer
TEST_04412,El Greco
TEST_04413,Camille Pissarro
TEST_04414,Salvador Dali
TEST_04415,Pierre-Auguste Renoir
TEST_04416,Vincent van Gogh
TEST_04417,Titian
TEST_04418,Diego Rivera
TEST_04419,Albrecht Du rer
TEST_04420,Francisco Goya
TEST_04421,Vincent van Gogh
TEST_04422,Gustav Klimt
TEST_04423,Gustav Klimt
TEST_04424,Paul Klee
TEST_04425,Kazimir Malevich
TEST_04426,Alfred Sisley
TEST_04427,Albrecht Du rer
TEST_04428,Diego Rivera
TEST_04429,Paul Klee
TEST_04430,Jackson Pollock
TEST_04431,Andy Warhol
TEST_04432,Paul Klee
TEST_04433,Francisco Goya
TEST_04434,Paul Klee
TEST_04435,Camille Pissarro
TEST_04436,Pierre-Auguste Renoir
TEST_04437,Pierre-Auguste Renoir
TEST_04438,William Turner
TEST_04439,Sandro Botticelli
TEST_04440,Pierre-Auguste Renoir
TEST_04441,Salvador Dali
TEST_04442,Paul Gauguin
TEST_04443,Mikhail Vrubel
TEST_04444,Leonardo da Vinci
TEST_04445,Edgar Degas
TEST_04446,Leonardo da Vinci
TEST_04447,Albrecht Du rer
TEST_04448,Vincent van Gogh
TEST_04449,Leonardo da Vinci
TEST_04450,Salvador Dali
TEST_04451,Paul Klee
TEST_04452,Francisco Goya
TEST_04453,Sandro Botticelli
TEST_04454,Vincent van Gogh
TEST_04455,William Turner
TEST_04456,Jackson Pollock
TEST_04457,Francisco Goya
TEST_04458,Hieronymus Bosch
TEST_04459,Pieter Bruegel
TEST_04460,Vincent van Gogh
TEST_04461,Leonardo da Vinci
TEST_04462,Salvador Dali
TEST_04463,Giotto di Bondone
TEST_04464,Albrecht Du rer
TEST_04465,Jan van Eyck
TEST_04466,Jackson Pollock
TEST_04467,Rembrandt
TEST_04468,Amedeo Modigliani
TEST_04469,Pieter Bruegel
TEST_04470,Caravaggio
TEST_04471,Rene Magritte
TEST_04472,Diego Rivera
TEST_04473,Vincent van Gogh
TEST_04474,Albrecht Du rer
TEST_04475,Peter Paul Rubens
TEST_04476,Hieronymus Bosch
TEST_04477,El Greco
TEST_04478,Pieter Bruegel
TEST_04479,Paul Gauguin
TEST_04480,Frida Kahlo
TEST_04481,Pierre-Auguste Renoir
TEST_04482,Francisco Goya
TEST_04483,Pieter Bruegel
TEST_04484,Pieter Bruegel
TEST_04485,Jan van Eyck
TEST_04486,Francisco Goya
TEST_04487,William Turner
TEST_04488,Francisco Goya
TEST_04489,Piet Mondrian
TEST_04490,Francisco Goya
TEST_04491,Kazimir Malevich
TEST_04492,Vincent van Gogh
TEST_04493,Salvador Dali
TEST_04494,Gustav Klimt
TEST_04495,Paul Klee
TEST_04496,Vincent van Gogh
TEST_04497,Leonardo da Vinci
TEST_04498,Leonardo da Vinci
TEST_04499,Francisco Goya
TEST_04500,Alfred Sisley
TEST_04501,Pieter Bruegel
TEST_04502,Paul Gauguin
TEST_04503,Andy Warhol
TEST_04504,Paul Klee
TEST_04505,Francisco Goya
TEST_04506,Vincent van Gogh
TEST_04507,Diego Rivera
TEST_04508,Henri Matisse
TEST_04509,Pieter Bruegel
TEST_04510,Pablo Picasso
TEST_04511,Vincent van Gogh
TEST_04512,Paul Gauguin
TEST_04513,Francisco Goya
TEST_04514,Hieronymus Bosch
TEST_04515,Albrecht Du rer
TEST_04516,Jan van Eyck
TEST_04517,Pieter Bruegel
TEST_04518,Vincent van Gogh
TEST_04519,Paul Klee
TEST_04520,Andy Warhol
TEST_04521,Vincent van Gogh
TEST_04522,Alfred Sisley
TEST_04523,Pierre-Auguste Renoir
TEST_04524,Pieter Bruegel
TEST_04525,Camille Pissarro
TEST_04526,Leonardo da Vinci
TEST_04527,Jan van Eyck
TEST_04528,Jan van Eyck
TEST_04529,Marc Chagall
TEST_04530,Paul Gauguin
TEST_04531,Vincent van Gogh
TEST_04532,Jan van Eyck
TEST_04533,Sandro Botticelli
TEST_04534,Giotto di Bondone
TEST_04535,Albrecht Du rer
TEST_04536,Peter Paul Rubens
TEST_04537,Mikhail Vrubel
TEST_04538,Andy Warhol
TEST_04539,Francisco Goya
TEST_04540,Gustav Klimt
TEST_04541,Leonardo da Vinci
TEST_04542,William Turner
TEST_04543,Piet Mondrian
TEST_04544,Georges Seurat
TEST_04545,Paul Gauguin
TEST_04546,Diego Rivera
TEST_04547,Jan van Eyck
TEST_04548,Alfred Sisley
TEST_04549,Francisco Goya
TEST_04550,Frida Kahlo
TEST_04551,Frida Kahlo
TEST_04552,Albrecht Du rer
TEST_04553,Albrecht Du rer
TEST_04554,Frida Kahlo
TEST_04555,Joan Miro
TEST_04556,Jan van Eyck
TEST_04557,Vincent van Gogh
TEST_04558,Andrei Rublev
TEST_04559,Peter Paul Rubens
TEST_04560,Kazimir Malevich
TEST_04561,Diego Rivera
TEST_04562,Frida Kahlo
TEST_04563,Frida Kahlo
TEST_04564,Peter Paul Rubens
TEST_04565,Vincent van Gogh
TEST_04566,El Greco
TEST_04567,Francisco Goya
TEST_04568,Paul Klee
TEST_04569,Albrecht Du rer
TEST_04570,Rembrandt
TEST_04571,Paul Gauguin
TEST_04572,Rene Magritte
TEST_04573,Georges Seurat
TEST_04574,Andy Warhol
TEST_04575,Jan van Eyck
TEST_04576,Paul Klee
TEST_04577,Pierre-Auguste Renoir
TEST_04578,El Greco
TEST_04579,Vincent van Gogh
TEST_04580,Pierre-Auguste Renoir
TEST_04581,Camille Pissarro
TEST_04582,Raphael
TEST_04583,Francisco Goya
TEST_04584,Piet Mondrian
TEST_04585,Vincent van Gogh
TEST_04586,Leonardo da Vinci
TEST_04587,William Turner
TEST_04588,Leonardo da Vinci
TEST_04589,William Turner
TEST_04590,Paul Gauguin
TEST_04591,Marc Chagall
TEST_04592,Rembrandt
TEST_04593,Leonardo da Vinci
TEST_04594,Diego Rivera
TEST_04595,Pierre-Auguste Renoir
TEST_04596,Peter Paul Rubens
TEST_04597,Camille Pissarro
TEST_04598,Jackson Pollock
TEST_04599,Gustav Klimt
TEST_04600,Kazimir Malevich
TEST_04601,Piet Mondrian
TEST_04602,Albrecht Du rer
TEST_04603,Francisco Goya
TEST_04604,Leonardo da Vinci
TEST_04605,Leonardo da Vinci
TEST_04606,Caravaggio
TEST_04607,Vincent van Gogh
TEST_04608,Georges Seurat
TEST_04609,Vincent van Gogh
TEST_04610,Gustav Klimt
TEST_04611,Hieronymus Bosch
TEST_04612,Kazimir Malevich
TEST_04613,Andrei Rublev
TEST_04614,Pieter Bruegel
TEST_04615,Andrei Rublev
TEST_04616,Alfred Sisley
TEST_04617,Albrecht Du rer
TEST_04618,Vincent van Gogh
TEST_04619,Pablo Picasso
TEST_04620,Jan van Eyck
TEST_04621,Pablo Picasso
TEST_04622,El Greco
TEST_04623,Edouard Manet
TEST_04624,Rembrandt
TEST_04625,Albrecht Du rer
TEST_04626,Pablo Picasso
TEST_04627,Andrei Rublev
TEST_04628,Rene Magritte
TEST_04629,Alfred Sisley
TEST_04630,Gustav Klimt
TEST_04631,Camille Pissarro
TEST_04632,Jan van Eyck
TEST_04633,Vincent van Gogh
TEST_04634,Pieter Bruegel
TEST_04635,Jan van Eyck
TEST_04636,El Greco
TEST_04637,Pieter Bruegel
TEST_04638,Pierre-Auguste Renoir
TEST_04639,Salvador Dali
TEST_04640,Sandro Botticelli
TEST_04641,Camille Pissarro
TEST_04642,Jan van Eyck
TEST_04643,Jan van Eyck
TEST_04644,Leonardo da Vinci
TEST_04645,Gustav Klimt
TEST_04646,El Greco
TEST_04647,Pablo Picasso
TEST_04648,Jackson Pollock
TEST_04649,Francisco Goya
TEST_04650,Jan van Eyck
TEST_04651,Gustav Klimt
TEST_04652,Giotto di Bondone
TEST_04653,Frida Kahlo
TEST_04654,Alfred Sisley
TEST_04655,Vincent van Gogh
TEST_04656,Rene Magritte
TEST_04657,Albrecht Du rer
TEST_04658,William Turner
TEST_04659,Mikhail Vrubel
TEST_04660,Salvador Dali
TEST_04661,Vincent van Gogh
TEST_04662,Jan van Eyck
TEST_04663,Edgar Degas
TEST_04664,Vincent van Gogh
TEST_04665,Georges Seurat
TEST_04666,Diego Velazquez
TEST_04667,Rembrandt
TEST_04668,Jan van Eyck
TEST_04669,Frida Kahlo
TEST_04670,El Greco
TEST_04671,Jan van Eyck
TEST_04672,Peter Paul Rubens
TEST_04673,Leonardo da Vinci
TEST_04674,Rembrandt
TEST_04675,Vincent van Gogh
TEST_04676,Hieronymus Bosch
TEST_04677,Rene Magritte
TEST_04678,Kazimir Malevich
TEST_04679,El Greco
TEST_04680,Francisco Goya
TEST_04681,Frida Kahlo
TEST_04682,Kazimir Malevich
TEST_04683,Sandro Botticelli
TEST_04684,Albrecht Du rer
TEST_04685,Mikhail Vrubel
TEST_04686,Albrecht Du rer
TEST_04687,Paul Gauguin
TEST_04688,Leonardo da Vinci
TEST_04689,Amedeo Modigliani
TEST_04690,Titian
TEST_04691,Sandro Botticelli
TEST_04692,Albrecht Du rer
TEST_04693,Pieter Bruegel
TEST_04694,Gustav Klimt
TEST_04695,Salvador Dali
TEST_04696,Edgar Degas
TEST_04697,Gustav Klimt
TEST_04698,Francisco Goya
TEST_04699,Leonardo da Vinci
TEST_04700,Alfred Sisley
TEST_04701,Albrecht Du rer
TEST_04702,Leonardo da Vinci
TEST_04703,Albrecht Du rer
TEST_04704,Caravaggio
TEST_04705,Paul Klee
TEST_04706,Jan van Eyck
TEST_04707,Pierre-Auguste Renoir
TEST_04708,El Greco
TEST_04709,Pieter Bruegel
TEST_04710,El Greco
TEST_04711,Paul Klee
TEST_04712,Pieter Bruegel
TEST_04713,Leonardo da Vinci
TEST_04714,Albrecht Du rer
TEST_04715,Francisco Goya
TEST_04716,Rene Magritte
TEST_04717,Leonardo da Vinci
TEST_04718,Diego Rivera
TEST_04719,Andy Warhol
TEST_04720,Francisco Goya
TEST_04721,Frida Kahlo
TEST_04722,Kazimir Malevich
TEST_04723,Paul Gauguin
TEST_04724,Paul Klee
TEST_04725,Francisco Goya
TEST_04726,Georges Seurat
TEST_04727,Francisco Goya
TEST_04728,Peter Paul Rubens
TEST_04729,Peter Paul Rubens
TEST_04730,Frida Kahlo
TEST_04731,Francisco Goya
TEST_04732,Gustav Klimt
TEST_04733,Leonardo da Vinci
TEST_04734,Rene Magritte
TEST_04735,Andrei Rublev
TEST_04736,Francisco Goya
TEST_04737,Vincent van Gogh
TEST_04738,Albrecht Du rer
TEST_04739,Jan van Eyck
TEST_04740,Peter Paul Rubens
TEST_04741,Joan Miro
TEST_04742,Andrei Rublev
TEST_04743,Marc Chagall
TEST_04744,Andrei Rublev
TEST_04745,Pierre-Auguste Renoir
TEST_04746,Pierre-Auguste Renoir
TEST_04747,Henri Matisse
TEST_04748,Jackson Pollock
TEST_04749,Francisco Goya
TEST_04750,Albrecht Du rer
TEST_04751,Francisco Goya
TEST_04752,Francisco Goya
TEST_04753,Andrei Rublev
TEST_04754,Camille Pissarro
TEST_04755,Pieter Bruegel
TEST_04756,Amedeo Modigliani
TEST_04757,Paul Klee
TEST_04758,Leonardo da Vinci
TEST_04759,Pierre-Auguste Renoir
TEST_04760,Vincent van Gogh
TEST_04761,Kazimir Malevich
TEST_04762,Marc Chagall
TEST_04763,El Greco
TEST_04764,Diego Velazquez
TEST_04765,Andrei Rublev
TEST_04766,Leonardo da Vinci
TEST_04767,Pieter Bruegel
TEST_04768,Paul Gauguin
TEST_04769,Gustav Klimt
TEST_04770,Leonardo da Vinci
TEST_04771,Alfred Sisley
TEST_04772,Rembrandt
TEST_04773,Caravaggio
TEST_04774,Pierre-Auguste Renoir
TEST_04775,Leonardo da Vinci
TEST_04776,Rene Magritte
TEST_04777,Marc Chagall
TEST_04778,Marc Chagall
TEST_04779,Rembrandt
TEST_04780,Vincent van Gogh
TEST_04781,Giotto di Bondone
TEST_04782,Andrei Rublev
TEST_04783,Rembrandt
TEST_04784,Pieter Bruegel
TEST_04785,Pierre-Auguste Renoir
TEST_04786,Alfred Sisley
TEST_04787,Jackson Pollock
TEST_04788,Pieter Bruegel
TEST_04789,Gustav Klimt
TEST_04790,Jan van Eyck
TEST_04791,Kazimir Malevich
TEST_04792,Albrecht Du rer
TEST_04793,Sandro Botticelli
TEST_04794,Pieter Bruegel
TEST_04795,Vincent van Gogh
TEST_04796,Alfred Sisley
TEST_04797,Vincent van Gogh
TEST_04798,Albrecht Du rer
TEST_04799,Pierre-Auguste Renoir
TEST_04800,Sandro Botticelli
TEST_04801,Mikhail Vrubel
TEST_04802,Rene Magritte
TEST_04803,Piet Mondrian
TEST_04804,Albrecht Du rer
TEST_04805,Pieter Bruegel
TEST_04806,Alfred Sisley
TEST_04807,Rene Magritte
TEST_04808,Francisco Goya
TEST_04809,Albrecht Du rer
TEST_04810,Vincent van Gogh
TEST_04811,William Turner
TEST_04812,Rene Magritte
TEST_04813,William Turner
TEST_04814,Peter Paul Rubens
TEST_04815,Jackson Pollock
TEST_04816,Sandro Botticelli
TEST_04817,Paul Gauguin
TEST_04818,Jackson Pollock
TEST_04819,Francisco Goya
TEST_04820,Giotto di Bondone
TEST_04821,Georges Seurat
TEST_04822,Albrecht Du rer
TEST_04823,Kazimir Malevich
TEST_04824,Albrecht Du rer
TEST_04825,El Greco
TEST_04826,Leonardo da Vinci
TEST_04827,Albrecht Du rer
TEST_04828,Paul Gauguin
TEST_04829,Salvador Dali
TEST_04830,El Greco
TEST_04831,Jackson Pollock
TEST_04832,Pierre-Auguste Renoir
TEST_04833,Diego Rivera
TEST_04834,Pablo Picasso
TEST_04835,Francisco Goya
TEST_04836,Leonardo da Vinci
TEST_04837,Vincent van Gogh
TEST_04838,Leonardo da Vinci
TEST_04839,Albrecht Du rer
TEST_04840,Camille Pissarro
TEST_04841,Pieter Bruegel
TEST_04842,Piet Mondrian
TEST_04843,Leonardo da Vinci
TEST_04844,Paul Klee
TEST_04845,El Greco
TEST_04846,Albrecht Du rer
TEST_04847,Leonardo da Vinci
TEST_04848,Paul Gauguin
TEST_04849,Jan van Eyck
TEST_04850,Pierre-Auguste Renoir
TEST_04851,Francisco Goya
TEST_04852,Albrecht Du rer
TEST_04853,Pieter Bruegel
TEST_04854,El Greco
TEST_04855,Leonardo da Vinci
TEST_04856,Francisco Goya
TEST_04857,Joan Miro
TEST_04858,Vincent van Gogh
TEST_04859,Pierre-Auguste Renoir
TEST_04860,Pierre-Auguste Renoir
TEST_04861,Leonardo da Vinci
TEST_04862,Leonardo da Vinci
TEST_04863,Pieter Bruegel
TEST_04864,Amedeo Modigliani
TEST_04865,William Turner
TEST_04866,Camille Pissarro
TEST_04867,Sandro Botticelli
TEST_04868,Vincent van Gogh
TEST_04869,Hieronymus Bosch
TEST_04870,Pieter Bruegel
TEST_04871,Andrei Rublev
TEST_04872,Pierre-Auguste Renoir
TEST_04873,Vincent van Gogh
TEST_04874,Pablo Picasso
TEST_04875,Camille Pissarro
TEST_04876,Rembrandt
TEST_04877,Andy Warhol
TEST_04878,Leonardo da Vinci
TEST_04879,Francisco Goya
TEST_04880,Kazimir Malevich
TEST_04881,Rembrandt
TEST_04882,Leonardo da Vinci
TEST_04883,William Turner
TEST_04884,Jan van Eyck
TEST_04885,Hieronymus Bosch
TEST_04886,Alfred Sisley
TEST_04887,Paul Klee
TEST_04888,Rene Magritte
TEST_04889,Marc Chagall
TEST_04890,Pieter Bruegel
TEST_04891,Albrecht Du rer
TEST_04892,Vincent van Gogh
TEST_04893,Francisco Goya
TEST_04894,Gustav Klimt
TEST_04895,Leonardo da Vinci
TEST_04896,Pablo Picasso
TEST_04897,Paul Gauguin
TEST_04898,Francisco Goya
TEST_04899,Paul Gauguin
TEST_04900,Albrecht Du rer
TEST_04901,Alfred Sisley
TEST_04902,Albrecht Du rer
TEST_04903,Andrei Rublev
TEST_04904,Gustav Klimt
TEST_04905,Gustav Klimt
TEST_04906,Pierre-Auguste Renoir
TEST_04907,Alfred Sisley
TEST_04908,Albrecht Du rer
TEST_04909,Camille Pissarro
TEST_04910,Pieter Bruegel
TEST_04911,Vincent van Gogh
TEST_04912,Henri Matisse
TEST_04913,Peter Paul Rubens
TEST_04914,Leonardo da Vinci
TEST_04915,Albrecht Du rer
TEST_04916,Albrecht Du rer
TEST_04917,Diego Rivera
TEST_04918,Leonardo da Vinci
TEST_04919,Rembrandt
TEST_04920,El Greco
TEST_04921,Francisco Goya
TEST_04922,Jan van Eyck
TEST_04923,Leonardo da Vinci
TEST_04924,Giotto di Bondone
TEST_04925,William Turner
TEST_04926,Marc Chagall
TEST_04927,Peter Paul Rubens
TEST_04928,Vincent van Gogh
TEST_04929,Vincent van Gogh
TEST_04930,Francisco Goya
TEST_04931,Diego Rivera
TEST_04932,Pierre-Auguste Renoir
TEST_04933,Leonardo da Vinci
TEST_04934,Alfred Sisley
TEST_04935,Leonardo da Vinci
TEST_04936,Pieter Bruegel
TEST_04937,Titian
TEST_04938,Vincent van Gogh
TEST_04939,Jan van Eyck
TEST_04940,William Turner
TEST_04941,Georges Seurat
TEST_04942,Paul Gauguin
TEST_04943,Pablo Picasso
TEST_04944,Georges Seurat
TEST_04945,Albrecht Du rer
TEST_04946,Jan van Eyck
TEST_04947,Leonardo da Vinci
TEST_04948,Albrecht Du rer
TEST_04949,Georges Seurat
TEST_04950,Andrei Rublev
TEST_04951,Jan van Eyck
TEST_04952,Gustav Klimt
TEST_04953,Albrecht Du rer
TEST_04954,Salvador Dali
TEST_04955,Andrei Rublev
TEST_04956,Pierre-Auguste Renoir
TEST_04957,El Greco
TEST_04958,Leonardo da Vinci
TEST_04959,Jan van Eyck
TEST_04960,Andrei Rublev
TEST_04961,Albrecht Du rer
TEST_04962,Leonardo da Vinci
TEST_04963,Pierre-Auguste Renoir
TEST_04964,Albrecht Du rer
TEST_04965,Vincent van Gogh
TEST_04966,Leonardo da Vinci
TEST_04967,Leonardo da Vinci
TEST_04968,Kazimir Malevich
TEST_04969,Alfred Sisley
TEST_04970,El Greco
TEST_04971,Titian
TEST_04972,Pierre-Auguste Renoir
TEST_04973,Pieter Bruegel
TEST_04974,Francisco Goya
TEST_04975,Camille Pissarro
TEST_04976,Vincent van Gogh
TEST_04977,Paul Klee
TEST_04978,Francisco Goya
TEST_04979,Vincent van Gogh
TEST_04980,Edvard Munch
TEST_04981,Paul Klee
TEST_04982,Paul Klee
TEST_04983,Andy Warhol
TEST_04984,Frida Kahlo
TEST_04985,Hieronymus Bosch
TEST_04986,Pierre-Auguste Renoir
TEST_04987,William Turner
TEST_04988,Vincent van Gogh
TEST_04989,Leonardo da Vinci
TEST_04990,Rembrandt
TEST_04991,William Turner
TEST_04992,Edgar Degas
TEST_04993,Georges Seurat
TEST_04994,Jan van Eyck
TEST_04995,Salvador Dali
TEST_04996,Diego Rivera
TEST_04997,Paul Klee
TEST_04998,Vincent van Gogh
TEST_04999,Pierre-Auguste Renoir
TEST_05000,Georges Seurat
TEST_05001,Camille Pissarro
TEST_05002,Leonardo da Vinci
TEST_05003,William Turner
TEST_05004,Piet Mondrian
TEST_05005,Andy Warhol
TEST_05006,Andrei Rublev
TEST_05007,Alfred Sisley
TEST_05008,Mikhail Vrubel
TEST_05009,Pablo Picasso
TEST_05010,Alfred Sisley
TEST_05011,William Turner
TEST_05012,Marc Chagall
TEST_05013,Giotto di Bondone
TEST_05014,William Turner
TEST_05015,Kazimir Malevich
TEST_05016,Albrecht Du rer
TEST_05017,Pablo Picasso
TEST_05018,Vincent van Gogh
TEST_05019,Leonardo da Vinci
TEST_05020,Pieter Bruegel
TEST_05021,Leonardo da Vinci
TEST_05022,Andrei Rublev
TEST_05023,Gustav Klimt
TEST_05024,Andy Warhol
TEST_05025,Leonardo da Vinci
TEST_05026,Vincent van Gogh
TEST_05027,Sandro Botticelli
TEST_05028,Sandro Botticelli
TEST_05029,El Greco
TEST_05030,Albrecht Du rer
TEST_05031,Paul Klee
TEST_05032,Pieter Bruegel
TEST_05033,Piet Mondrian
TEST_05034,Pierre-Auguste Renoir
TEST_05035,Pieter Bruegel
TEST_05036,Pieter Bruegel
TEST_05037,Rene Magritte
TEST_05038,Piet Mondrian
TEST_05039,Andy Warhol
TEST_05040,Camille Pissarro
TEST_05041,Francisco Goya
TEST_05042,Albrecht Du rer
TEST_05043,Gustav Klimt
TEST_05044,Francisco Goya
TEST_05045,Francisco Goya
TEST_05046,Pablo Picasso
TEST_05047,Francisco Goya
TEST_05048,Diego Rivera
TEST_05049,Pierre-Auguste Renoir
TEST_05050,Joan Miro
TEST_05051,Andy Warhol
TEST_05052,El Greco
TEST_05053,Andy Warhol
TEST_05054,Vincent van Gogh
TEST_05055,Francisco Goya
TEST_05056,Rembrandt
TEST_05057,Peter Paul Rubens
TEST_05058,El Greco
TEST_05059,Andy Warhol
TEST_05060,Pieter Bruegel
TEST_05061,Alfred Sisley
TEST_05062,Vincent van Gogh
TEST_05063,Gustav Klimt
TEST_05064,Pablo Picasso
TEST_05065,Pierre-Auguste Renoir
TEST_05066,Kazimir Malevich
TEST_05067,Paul Klee
TEST_05068,William Turner
TEST_05069,Jackson Pollock
TEST_05070,Gustav Klimt
TEST_05071,Paul Klee
TEST_05072,Andrei Rublev
TEST_05073,Rene Magritte
TEST_05074,Alfred Sisley
TEST_05075,El Greco
TEST_05076,Rene Magritte
TEST_05077,Georges Seurat
TEST_05078,Gustave Courbet
TEST_05079,Albrecht Du rer
TEST_05080,Jackson Pollock
TEST_05081,Andrei Rublev
TEST_05082,Andy Warhol
TEST_05083,Georges Seurat
TEST_05084,Kazimir Malevich
TEST_05085,Gustav Klimt
TEST_05086,Mikhail Vrubel
TEST_05087,Alfred Sisley
TEST_05088,El Greco
TEST_05089,Francisco Goya
TEST_05090,Peter Paul Rubens
TEST_05091,Kazimir Malevich
TEST_05092,Alfred Sisley
TEST_05093,Francisco Goya
TEST_05094,El Greco
TEST_05095,Pierre-Auguste Renoir
TEST_05096,Frida Kahlo
TEST_05097,Salvador Dali
TEST_05098,Camille Pissarro
TEST_05099,Leonardo da Vinci
TEST_05100,Albrecht Du rer
TEST_05101,Jan van Eyck
TEST_05102,Pieter Bruegel
TEST_05103,Andy Warhol
TEST_05104,Titian
TEST_05105,Alfred Sisley
TEST_05106,Leonardo da Vinci
TEST_05107,Leonardo da Vinci
TEST_05108,Gustav Klimt
TEST_05109,Rene Magritte
TEST_05110,Albrecht Du rer
TEST_05111,Albrecht Du rer
TEST_05112,Titian
TEST_05113,Rene Magritte
TEST_05114,Rene Magritte
TEST_05115,Mikhail Vrubel
TEST_05116,Vincent van Gogh
TEST_05117,Mikhail Vrubel
TEST_05118,Albrecht Du rer
TEST_05119,Pierre-Auguste Renoir
TEST_05120,Leonardo da Vinci
TEST_05121,Francisco Goya
TEST_05122,Rembrandt
TEST_05123,Jan van Eyck
TEST_05124,Leonardo da Vinci
TEST_05125,Francisco Goya
TEST_05126,Leonardo da Vinci
TEST_05127,Paul Klee
TEST_05128,Salvador Dali
TEST_05129,Edgar Degas
TEST_05130,Paul Gauguin
TEST_05131,Titian
TEST_05132,Vincent van Gogh
TEST_05133,Rembrandt
TEST_05134,Georges Seurat
TEST_05135,Salvador Dali
TEST_05136,Jan van Eyck
TEST_05137,El Greco
TEST_05138,Camille Pissarro
TEST_05139,Andy Warhol
TEST_05140,Jan van Eyck
TEST_05141,El Greco
TEST_05142,Pieter Bruegel
TEST_05143,Albrecht Du rer
TEST_05144,Paul Gauguin
TEST_05145,Pierre-Auguste Renoir
TEST_05146,Peter Paul Rubens
TEST_05147,Leonardo da Vinci
TEST_05148,Sandro Botticelli
TEST_05149,Pablo Picasso
TEST_05150,Vincent van Gogh
TEST_05151,Vincent van Gogh
TEST_05152,Rembrandt
TEST_05153,Henri Matisse
TEST_05154,Jan van Eyck
TEST_05155,Jan van Eyck
TEST_05156,Pierre-Auguste Renoir
TEST_05157,Gustav Klimt
TEST_05158,Andy Warhol
TEST_05159,Francisco Goya
TEST_05160,Sandro Botticelli
TEST_05161,Vincent van Gogh
TEST_05162,Vincent van Gogh
TEST_05163,Jan van Eyck
TEST_05164,Pierre-Auguste Renoir
TEST_05165,Pierre-Auguste Renoir
TEST_05166,Francisco Goya
TEST_05167,Peter Paul Rubens
TEST_05168,Leonardo da Vinci
TEST_05169,Diego Rivera
TEST_05170,Salvador Dali
TEST_05171,Leonardo da Vinci
TEST_05172,Leonardo da Vinci
TEST_05173,Francisco Goya
TEST_05174,Rembrandt
TEST_05175,Albrecht Du rer
TEST_05176,Alfred Sisley
TEST_05177,Leonardo da Vinci
TEST_05178,Marc Chagall
TEST_05179,Francisco Goya
TEST_05180,Pablo Picasso
TEST_05181,Sandro Botticelli
TEST_05182,Diego Rivera
TEST_05183,Leonardo da Vinci
TEST_05184,Sandro Botticelli
TEST_05185,Albrecht Du rer
TEST_05186,Paul Klee
TEST_05187,Albrecht Du rer
TEST_05188,Kazimir Malevich
TEST_05189,Albrecht Du rer
TEST_05190,Titian
TEST_05191,Piet Mondrian
TEST_05192,Gustav Klimt
TEST_05193,Jan van Eyck
TEST_05194,Marc Chagall
TEST_05195,Rene Magritte
TEST_05196,Alfred Sisley
TEST_05197,Leonardo da Vinci
TEST_05198,Francisco Goya
TEST_05199,Georges Seurat
TEST_05200,Leonardo da Vinci
TEST_05201,Pieter Bruegel
TEST_05202,Peter Paul Rubens
TEST_05203,Vincent van Gogh
TEST_05204,Frida Kahlo
TEST_05205,Rembrandt
TEST_05206,Leonardo da Vinci
TEST_05207,William Turner
TEST_05208,Hieronymus Bosch
TEST_05209,Paul Gauguin
TEST_05210,Francisco Goya
TEST_05211,Giotto di Bondone
TEST_05212,Kazimir Malevich
TEST_05213,Vincent van Gogh
TEST_05214,Leonardo da Vinci
TEST_05215,El Greco
TEST_05216,Edgar Degas
TEST_05217,Caravaggio
TEST_05218,Gustav Klimt
TEST_05219,Paul Gauguin
TEST_05220,Peter Paul Rubens
TEST_05221,Albrecht Du rer
TEST_05222,Francisco Goya
TEST_05223,Gustav Klimt
TEST_05224,Vincent van Gogh
TEST_05225,Jackson Pollock
TEST_05226,Paul Klee
TEST_05227,Albrecht Du rer
TEST_05228,Francisco Goya
TEST_05229,Jan van Eyck
TEST_05230,El Greco
TEST_05231,Salvador Dali
TEST_05232,Marc Chagall
TEST_05233,Pierre-Auguste Renoir
TEST_05234,Pierre-Auguste Renoir
TEST_05235,Gustav Klimt
TEST_05236,William Turner
TEST_05237,Piet Mondrian
TEST_05238,Vincent van Gogh
TEST_05239,Albrecht Du rer
TEST_05240,Giotto di Bondone
TEST_05241,Leonardo da Vinci
TEST_05242,Gustav Klimt
TEST_05243,Diego Rivera
TEST_05244,Vincent van Gogh
TEST_05245,Paul Gauguin
TEST_05246,Mikhail Vrubel
TEST_05247,Salvador Dali
TEST_05248,Leonardo da Vinci
TEST_05249,Frida Kahlo
TEST_05250,Rembrandt
TEST_05251,Paul Gauguin
TEST_05252,Rene Magritte
TEST_05253,Frida Kahlo
TEST_05254,Henri Matisse
TEST_05255,Pieter Bruegel
TEST_05256,Pieter Bruegel
TEST_05257,Paul Gauguin
TEST_05258,Alfred Sisley
TEST_05259,Peter Paul Rubens
TEST_05260,Jan van Eyck
TEST_05261,Andy Warhol
TEST_05262,Pieter Bruegel
TEST_05263,Paul Gauguin
TEST_05264,Alfred Sisley
TEST_05265,Paul Gauguin
TEST_05266,Leonardo da Vinci
TEST_05267,Alfred Sisley
TEST_05268,Vincent van Gogh
TEST_05269,Sandro Botticelli
TEST_05270,Albrecht Du rer
TEST_05271,Vincent van Gogh
TEST_05272,Vincent van Gogh
TEST_05273,Paul Gauguin
TEST_05274,Kazimir Malevich
TEST_05275,Rene Magritte
TEST_05276,Pablo Picasso
TEST_05277,Vincent van Gogh
TEST_05278,Salvador Dali
TEST_05279,Leonardo da Vinci
TEST_05280,Pierre-Auguste Renoir
TEST_05281,Mikhail Vrubel
TEST_05282,Andrei Rublev
TEST_05283,Paul Gauguin
TEST_05284,Jan van Eyck
TEST_05285,Alfred Sisley
TEST_05286,Salvador Dali
TEST_05287,Piet Mondrian
TEST_05288,Hieronymus Bosch
TEST_05289,Pierre-Auguste Renoir
TEST_05290,Leonardo da Vinci
TEST_05291,Albrecht Du rer
TEST_05292,Rembrandt
TEST_05293,Amedeo Modigliani
TEST_05294,Vincent van Gogh
TEST_05295,Leonardo da Vinci
TEST_05296,Alfred Sisley
TEST_05297,William Turner
TEST_05298,El Greco
TEST_05299,Paul Cezanne
TEST_05300,Paul Klee
TEST_05301,Albrecht Du rer
TEST_05302,Pierre-Auguste Renoir
TEST_05303,Peter Paul Rubens
TEST_05304,Pieter Bruegel
TEST_05305,William Turner
TEST_05306,Peter Paul Rubens
TEST_05307,Alfred Sisley
TEST_05308,Giotto di Bondone
TEST_05309,Pieter Bruegel
TEST_05310,Peter Paul Rubens
TEST_05311,Vincent van Gogh
TEST_05312,Vincent van Gogh
TEST_05313,Jan van Eyck
TEST_05314,Paul Klee
TEST_05315,Giotto di Bondone
TEST_05316,Rembrandt
TEST_05317,Gustav Klimt
TEST_05318,Jan van Eyck
TEST_05319,Claude Monet
TEST_05320,Alfred Sisley
TEST_05321,Francisco Goya
TEST_05322,Paul Klee
TEST_05323,Salvador Dali
TEST_05324,Gustav Klimt
TEST_05325,Pierre-Auguste Renoir
TEST_05326,Giotto di Bondone
TEST_05327,Joan Miro
TEST_05328,Francisco Goya
TEST_05329,Paul Gauguin
TEST_05330,Albrecht Du rer
TEST_05331,Vincent van Gogh
TEST_05332,Giotto di Bondone
TEST_05333,Albrecht Du rer
TEST_05334,Jan van Eyck
TEST_05335,Alfred Sisley
TEST_05336,Pierre-Auguste Renoir
TEST_05337,Rembrandt
TEST_05338,Francisco Goya
TEST_05339,Vincent van Gogh
TEST_05340,Sandro Botticelli
TEST_05341,Gustav Klimt
TEST_05342,Alfred Sisley
TEST_05343,Georges Seurat
TEST_05344,Francisco Goya
TEST_05345,Rembrandt
TEST_05346,Gustav Klimt
TEST_05347,Paul Gauguin
TEST_05348,Edgar Degas
TEST_05349,Vincent van Gogh
TEST_05350,Rene Magritte
TEST_05351,Marc Chagall
TEST_05352,Francisco Goya
TEST_05353,Frida Kahlo
TEST_05354,Caravaggio
TEST_05355,Gustave Courbet
TEST_05356,Jan van Eyck
TEST_05357,Alfred Sisley
TEST_05358,Albrecht Du rer
TEST_05359,Paul Klee
TEST_05360,Peter Paul Rubens
TEST_05361,Marc Chagall
TEST_05362,Alfred Sisley
TEST_05363,Peter Paul Rubens
TEST_05364,Pierre-Auguste Renoir
TEST_05365,Andy Warhol
TEST_05366,Jan van Eyck
TEST_05367,Kazimir Malevich
TEST_05368,Jan van Eyck
TEST_05369,Albrecht Du rer
TEST_05370,Leonardo da Vinci
TEST_05371,Pieter Bruegel
TEST_05372,Georges Seurat
TEST_05373,Albrecht Du rer
TEST_05374,Albrecht Du rer
TEST_05375,Giotto di Bondone
TEST_05376,Francisco Goya
TEST_05377,Titian
TEST_05378,Piet Mondrian
TEST_05379,Jackson Pollock
TEST_05380,Leonardo da Vinci
TEST_05381,Leonardo da Vinci
TEST_05382,Gustav Klimt
TEST_05383,Hieronymus Bosch
TEST_05384,Salvador Dali
TEST_05385,William Turner
TEST_05386,Titian
TEST_05387,Amedeo Modigliani
TEST_05388,El Greco
TEST_05389,Pablo Picasso
TEST_05390,Paul Klee
TEST_05391,Kazimir Malevich
TEST_05392,Sandro Botticelli
TEST_05393,Mikhail Vrubel
TEST_05394,Paul Gauguin
TEST_05395,Pierre-Auguste Renoir
TEST_05396,Camille Pissarro
TEST_05397,Hieronymus Bosch
TEST_05398,Leonardo da Vinci
TEST_05399,Gustav Klimt
TEST_05400,Pierre-Auguste Renoir
TEST_05401,Albrecht Du rer
TEST_05402,Andy Warhol
TEST_05403,Jan van Eyck
TEST_05404,Jan van Eyck
TEST_05405,Rene Magritte
TEST_05406,Pierre-Auguste Renoir
TEST_05407,Pierre-Auguste Renoir
TEST_05408,Peter Paul Rubens
TEST_05409,Titian
TEST_05410,Vincent van Gogh
TEST_05411,Marc Chagall
TEST_05412,Hieronymus Bosch
TEST_05413,Marc Chagall
TEST_05414,Albrecht Du rer
TEST_05415,Pierre-Auguste Renoir
TEST_05416,Francisco Goya
TEST_05417,Jackson Pollock
TEST_05418,Rene Magritte
TEST_05419,Mikhail Vrubel
TEST_05420,Raphael
TEST_05421,Leonardo da Vinci
TEST_05422,Albrecht Du rer
TEST_05423,Piet Mondrian
TEST_05424,Peter Paul Rubens
TEST_05425,Marc Chagall
TEST_05426,Jackson Pollock
TEST_05427,Joan Miro
TEST_05428,William Turner
TEST_05429,Paul Gauguin
TEST_05430,El Greco
TEST_05431,Vincent van Gogh
TEST_05432,Piet Mondrian
TEST_05433,Francisco Goya
TEST_05434,Vincent van Gogh
TEST_05435,Salvador Dali
TEST_05436,Pierre-Auguste Renoir
TEST_05437,Georges Seurat
TEST_05438,Hieronymus Bosch
TEST_05439,Alfred Sisley
TEST_05440,Pieter Bruegel
TEST_05441,Paul Gauguin
TEST_05442,Andrei Rublev
TEST_05443,Gustav Klimt
TEST_05444,Vincent van Gogh
TEST_05445,Paul Gauguin
TEST_05446,Paul Gauguin
TEST_05447,Albrecht Du rer
TEST_05448,Diego Rivera
TEST_05449,Piet Mondrian
TEST_05450,Leonardo da Vinci
TEST_05451,Hieronymus Bosch
TEST_05452,Sandro Botticelli
TEST_05453,Giotto di Bondone
TEST_05454,Caravaggio
TEST_05455,Rene Magritte
TEST_05456,El Greco
TEST_05457,Pierre-Auguste Renoir
TEST_05458,Jan van Eyck
TEST_05459,Rene Magritte
TEST_05460,Pierre-Auguste Renoir
TEST_05461,Pierre-Auguste Renoir
TEST_05462,Leonardo da Vinci
TEST_05463,Vincent van Gogh
TEST_05464,Camille Pissarro
TEST_05465,Rembrandt
TEST_05466,Rembrandt
TEST_05467,Marc Chagall
TEST_05468,Georges Seurat
TEST_05469,Sandro Botticelli
TEST_05470,Francisco Goya
TEST_05471,Pieter Bruegel
TEST_05472,Vincent van Gogh
TEST_05473,Diego Rivera
TEST_05474,Albrecht Du rer
TEST_05475,Marc Chagall
TEST_05476,Paul Klee
TEST_05477,Vincent van Gogh
TEST_05478,Albrecht Du rer
TEST_05479,Georges Seurat
TEST_05480,Rene Magritte
TEST_05481,Mikhail Vrubel
TEST_05482,El Greco
TEST_05483,Sandro Botticelli
TEST_05484,Peter Paul Rubens
TEST_05485,El Greco
TEST_05486,Leonardo da Vinci
TEST_05487,Salvador Dali
TEST_05488,Diego Rivera
TEST_05489,Francisco Goya
TEST_05490,Pierre-Auguste Renoir
TEST_05491,Georges Seurat
TEST_05492,Jackson Pollock
TEST_05493,Diego Rivera
TEST_05494,Rembrandt
TEST_05495,Vincent van Gogh
TEST_05496,Gustav Klimt
TEST_05497,El Greco
TEST_05498,Paul Klee
TEST_05499,Paul Klee
TEST_05500,Leonardo da Vinci
TEST_05501,Rembrandt
TEST_05502,Pieter Bruegel
TEST_05503,Caravaggio
TEST_05504,Peter Paul Rubens
TEST_05505,Marc Chagall
TEST_05506,Giotto di Bondone
TEST_05507,Giotto di Bondone
TEST_05508,Pieter Bruegel
TEST_05509,Diego Rivera
TEST_05510,Marc Chagall
TEST_05511,William Turner
TEST_05512,Kazimir Malevich
TEST_05513,Leonardo da Vinci
TEST_05514,Mikhail Vrubel
TEST_05515,Leonardo da Vinci
TEST_05516,Piet Mondrian
TEST_05517,Jan van Eyck
TEST_05518,Amedeo Modigliani
TEST_05519,Paul Klee
TEST_05520,Leonardo da Vinci
TEST_05521,Albrecht Du rer
TEST_05522,Leonardo da Vinci
TEST_05523,Jackson Pollock
TEST_05524,Piet Mondrian
TEST_05525,Piet Mondrian
TEST_05526,Sandro Botticelli
TEST_05527,Paul Gauguin
TEST_05528,Francisco Goya
TEST_05529,Jan van Eyck
TEST_05530,Pablo Picasso
TEST_05531,Pieter Bruegel
TEST_05532,William Turner
TEST_05533,Andrei Rublev
TEST_05534,Pieter Bruegel
TEST_05535,Vincent van Gogh
TEST_05536,Vincent van Gogh
TEST_05537,Jan van Eyck
TEST_05538,Pierre-Auguste Renoir
TEST_05539,Piet Mondrian
TEST_05540,Paul Klee
TEST_05541,Pieter Bruegel
TEST_05542,Vincent van Gogh
TEST_05543,Giotto di Bondone
TEST_05544,Pieter Bruegel
TEST_05545,Sandro Botticelli
TEST_05546,Paul Klee
TEST_05547,Peter Paul Rubens
TEST_05548,Salvador Dali
TEST_05549,El Greco
TEST_05550,Albrecht Du rer
TEST_05551,Jan van Eyck
TEST_05552,Rene Magritte
TEST_05553,Marc Chagall
TEST_05554,Kazimir Malevich
TEST_05555,El Greco
TEST_05556,Jan van Eyck
TEST_05557,Peter Paul Rubens
TEST_05558,Pieter Bruegel
TEST_05559,Pablo Picasso
TEST_05560,Rene Magritte
TEST_05561,Alfred Sisley
TEST_05562,Pierre-Auguste Renoir
TEST_05563,Pieter Bruegel
TEST_05564,Amedeo Modigliani
TEST_05565,Vincent van Gogh
TEST_05566,Jan van Eyck
TEST_05567,Piet Mondrian
TEST_05568,Francisco Goya
TEST_05569,Francisco Goya
TEST_05570,Paul Gauguin
TEST_05571,Francisco Goya
TEST_05572,Rene Magritte
TEST_05573,Claude Monet
TEST_05574,Pierre-Auguste Renoir
TEST_05575,Peter Paul Rubens
TEST_05576,Albrecht Du rer
TEST_05577,Piet Mondrian
TEST_05578,Amedeo Modigliani
TEST_05579,Vincent van Gogh
TEST_05580,Leonardo da Vinci
TEST_05581,William Turner
TEST_05582,Pieter Bruegel
TEST_05583,Albrecht Du rer
TEST_05584,Pierre-Auguste Renoir
TEST_05585,Francisco Goya
TEST_05586,Sandro Botticelli
TEST_05587,Rembrandt
TEST_05588,El Greco
TEST_05589,Francisco Goya
TEST_05590,Albrecht Du rer
TEST_05591,Mikhail Vrubel
TEST_05592,Francisco Goya
TEST_05593,Hieronymus Bosch
TEST_05594,Piet Mondrian
TEST_05595,Pieter Bruegel
TEST_05596,Leonardo da Vinci
TEST_05597,Leonardo da Vinci
TEST_05598,Paul Klee
TEST_05599,Paul Klee
TEST_05600,Pablo Picasso
TEST_05601,Paul Klee
TEST_05602,Vincent van Gogh
TEST_05603,Vincent van Gogh
TEST_05604,Francisco Goya
TEST_05605,Camille Pissarro
TEST_05606,Hieronymus Bosch
TEST_05607,Leonardo da Vinci
TEST_05608,Paul Klee
TEST_05609,Titian
TEST_05610,Pierre-Auguste Renoir
TEST_05611,Vincent van Gogh
TEST_05612,Vincent van Gogh
TEST_05613,Pierre-Auguste Renoir
TEST_05614,Diego Rivera
TEST_05615,Jan van Eyck
TEST_05616,Pablo Picasso
TEST_05617,Amedeo Modigliani
TEST_05618,Gustav Klimt
TEST_05619,Alfred Sisley
TEST_05620,Piet Mondrian
TEST_05621,El Greco
TEST_05622,Titian
TEST_05623,Alfred Sisley
TEST_05624,Rene Magritte
TEST_05625,Paul Gauguin
TEST_05626,Leonardo da Vinci
TEST_05627,Pierre-Auguste Renoir
TEST_05628,Hieronymus Bosch
TEST_05629,Vincent van Gogh
TEST_05630,Rene Magritte
TEST_05631,Marc Chagall
TEST_05632,Francisco Goya
TEST_05633,Gustav Klimt
TEST_05634,Andrei Rublev
TEST_05635,Rembrandt
TEST_05636,Vincent van Gogh
TEST_05637,Pierre-Auguste Renoir
TEST_05638,Rene Magritte
TEST_05639,Pablo Picasso
TEST_05640,Pieter Bruegel
TEST_05641,Leonardo da Vinci
TEST_05642,Sandro Botticelli
TEST_05643,Georges Seurat
TEST_05644,Gustav Klimt
TEST_05645,Pieter Bruegel
TEST_05646,Vincent van Gogh
TEST_05647,Diego Rivera
TEST_05648,Gustav Klimt
TEST_05649,Titian
TEST_05650,Francisco Goya
TEST_05651,Jan van Eyck
TEST_05652,Alfred Sisley
TEST_05653,Caravaggio
TEST_05654,Paul Klee
TEST_05655,Paul Klee
TEST_05656,Francisco Goya
TEST_05657,Leonardo da Vinci
TEST_05658,Vincent van Gogh
TEST_05659,Vincent van Gogh
TEST_05660,Vincent van Gogh
TEST_05661,Pieter Bruegel
TEST_05662,Pierre-Auguste Renoir
TEST_05663,Pablo Picasso
TEST_05664,Gustav Klimt
TEST_05665,Vincent van Gogh
TEST_05666,Rembrandt
TEST_05667,Pieter Bruegel
TEST_05668,Vincent van Gogh
TEST_05669,Diego Rivera
TEST_05670,Pieter Bruegel
TEST_05671,Pieter Bruegel
TEST_05672,Sandro Botticelli
TEST_05673,Paul Klee
TEST_05674,Gustav Klimt
TEST_05675,Pablo Picasso
TEST_05676,Caravaggio
TEST_05677,Pieter Bruegel
TEST_05678,Francisco Goya
TEST_05679,Albrecht Du rer
TEST_05680,El Greco
TEST_05681,Sandro Botticelli
TEST_05682,Peter Paul Rubens
TEST_05683,Alfred Sisley
TEST_05684,Albrecht Du rer
TEST_05685,Leonardo da Vinci
TEST_05686,Vincent van Gogh
TEST_05687,Alfred Sisley
TEST_05688,Leonardo da Vinci
TEST_05689,Camille Pissarro
TEST_05690,Paul Klee
TEST_05691,Leonardo da Vinci
TEST_05692,Andrei Rublev
TEST_05693,Paul Gauguin
TEST_05694,El Greco
TEST_05695,Paul Gauguin
TEST_05696,Rembrandt
TEST_05697,Vincent van Gogh
TEST_05698,Pierre-Auguste Renoir
TEST_05699,Peter Paul Rubens
TEST_05700,Kazimir Malevich
TEST_05701,Kazimir Malevich
TEST_05702,Vincent van Gogh
TEST_05703,El Greco
TEST_05704,Pieter Bruegel
TEST_05705,William Turner
TEST_05706,Marc Chagall
TEST_05707,Jan van Eyck
TEST_05708,Albrecht Du rer
TEST_05709,Vincent van Gogh
TEST_05710,Francisco Goya
TEST_05711,Albrecht Du rer
TEST_05712,Francisco Goya
TEST_05713,William Turner
TEST_05714,El Greco
TEST_05715,Vincent van Gogh
TEST_05716,Pierre-Auguste Renoir
TEST_05717,Pieter Bruegel
TEST_05718,Pierre-Auguste Renoir
TEST_05719,Andy Warhol
TEST_05720,Peter Paul Rubens
TEST_05721,Giotto di Bondone
TEST_05722,Amedeo Modigliani
TEST_05723,Giotto di Bondone
TEST_05724,Rene Magritte
TEST_05725,Sandro Botticelli
TEST_05726,Francisco Goya
TEST_05727,Peter Paul Rubens
TEST_05728,Salvador Dali
TEST_05729,Andrei Rublev
TEST_05730,Andy Warhol
TEST_05731,Leonardo da Vinci
TEST_05732,Pieter Bruegel
TEST_05733,Hieronymus Bosch
TEST_05734,Leonardo da Vinci
TEST_05735,Pieter Bruegel
TEST_05736,Leonardo da Vinci
TEST_05737,Francisco Goya
TEST_05738,Pieter Bruegel
TEST_05739,Albrecht Du rer
TEST_05740,Pieter Bruegel
TEST_05741,William Turner
TEST_05742,Pierre-Auguste Renoir
TEST_05743,Leonardo da Vinci
TEST_05744,William Turner
TEST_05745,Pierre-Auguste Renoir
TEST_05746,Vincent van Gogh
TEST_05747,Henri Matisse
TEST_05748,Frida Kahlo
TEST_05749,Mikhail Vrubel
TEST_05750,Pablo Picasso
TEST_05751,Albrecht Du rer
TEST_05752,Albrecht Du rer
TEST_05753,Mikhail Vrubel
TEST_05754,Paul Klee
TEST_05755,Albrecht Du rer
TEST_05756,Peter Paul Rubens
TEST_05757,Leonardo da Vinci
TEST_05758,Paul Gauguin
TEST_05759,Andy Warhol
TEST_05760,Hieronymus Bosch
TEST_05761,Mikhail Vrubel
TEST_05762,Alfred Sisley
TEST_05763,Andrei Rublev
TEST_05764,Leonardo da Vinci
TEST_05765,Frida Kahlo
TEST_05766,Vincent van Gogh
TEST_05767,Pieter Bruegel
TEST_05768,Albrecht Du rer
TEST_05769,Paul Gauguin
TEST_05770,Henri Rousseau
TEST_05771,Pieter Bruegel
TEST_05772,Pieter Bruegel
TEST_05773,Andy Warhol
TEST_05774,Pablo Picasso
TEST_05775,Albrecht Du rer
TEST_05776,Vincent van Gogh
TEST_05777,Titian
TEST_05778,Kazimir Malevich
TEST_05779,Sandro Botticelli
TEST_05780,Andrei Rublev
TEST_05781,Francisco Goya
TEST_05782,Albrecht Du rer
TEST_05783,Pierre-Auguste Renoir
TEST_05784,Andrei Rublev
TEST_05785,William Turner
TEST_05786,Vincent van Gogh
TEST_05787,Andrei Rublev
TEST_05788,Leonardo da Vinci
TEST_05789,Caravaggio
TEST_05790,Leonardo da Vinci
TEST_05791,Paul Gauguin
TEST_05792,Rene Magritte
TEST_05793,El Greco
TEST_05794,Peter Paul Rubens
TEST_05795,Vincent van Gogh
TEST_05796,Paul Klee
TEST_05797,Albrecht Du rer
TEST_05798,Pierre-Auguste Renoir
TEST_05799,Hieronymus Bosch
TEST_05800,Francisco Goya
TEST_05801,Frida Kahlo
TEST_05802,Salvador Dali
TEST_05803,Kazimir Malevich
TEST_05804,Frida Kahlo
TEST_05805,Albrecht Du rer
TEST_05806,Camille Pissarro
TEST_05807,Pablo Picasso
TEST_05808,Albrecht Du rer
TEST_05809,Francisco Goya
TEST_05810,Vincent van Gogh
TEST_05811,El Greco
TEST_05812,Pablo Picasso
TEST_05813,Vincent van Gogh
TEST_05814,Piet Mondrian
TEST_05815,Albrecht Du rer
TEST_05816,Rene Magritte
TEST_05817,Alfred Sisley
TEST_05818,Sandro Botticelli
TEST_05819,Albrecht Du rer
TEST_05820,Kazimir Malevich
TEST_05821,Pieter Bruegel
TEST_05822,Andy Warhol
TEST_05823,Paul Klee
TEST_05824,Pierre-Auguste Renoir
TEST_05825,Gustav Klimt
TEST_05826,Piet Mondrian
TEST_05827,Rene Magritte
TEST_05828,Paul Gauguin
TEST_05829,Kazimir Malevich
TEST_05830,Albrecht Du rer
TEST_05831,Pierre-Auguste Renoir
TEST_05832,Giotto di Bondone
TEST_05833,Pieter Bruegel
TEST_05834,Leonardo da Vinci
TEST_05835,Leonardo da Vinci
TEST_05836,Leonardo da Vinci
TEST_05837,Pablo Picasso
TEST_05838,Salvador Dali
TEST_05839,Jan van Eyck
TEST_05840,Claude Monet
TEST_05841,Vincent van Gogh
TEST_05842,Leonardo da Vinci
TEST_05843,Peter Paul Rubens
TEST_05844,Pieter Bruegel
TEST_05845,Jackson Pollock
TEST_05846,El Greco
TEST_05847,Vincent van Gogh
TEST_05848,Camille Pissarro
TEST_05849,Leonardo da Vinci
TEST_05850,Mikhail Vrubel
TEST_05851,Francisco Goya
TEST_05852,Pieter Bruegel
TEST_05853,Albrecht Du rer
TEST_05854,Jan van Eyck
TEST_05855,Alfred Sisley
TEST_05856,Piet Mondrian
TEST_05857,Vincent van Gogh
TEST_05858,Salvador Dali
TEST_05859,Leonardo da Vinci
TEST_05860,Vincent van Gogh
TEST_05861,Albrecht Du rer
TEST_05862,Jackson Pollock
TEST_05863,William Turner
TEST_05864,Francisco Goya
TEST_05865,Peter Paul Rubens
TEST_05866,Alfred Sisley
TEST_05867,Rene Magritte
TEST_05868,Leonardo da Vinci
TEST_05869,Gustav Klimt
TEST_05870,Alfred Sisley
TEST_05871,Francisco Goya
TEST_05872,Amedeo Modigliani
TEST_05873,El Greco
TEST_05874,Gustav Klimt
TEST_05875,Sandro Botticelli
TEST_05876,Vincent van Gogh
TEST_05877,William Turner
TEST_05878,Camille Pissarro
TEST_05879,Pablo Picasso
TEST_05880,Rembrandt
TEST_05881,Vincent van Gogh
TEST_05882,Paul Klee
TEST_05883,Paul Klee
TEST_05884,Gustav Klimt
TEST_05885,Pieter Bruegel
TEST_05886,Peter Paul Rubens
TEST_05887,Leonardo da Vinci
TEST_05888,Pieter Bruegel
TEST_05889,Peter Paul Rubens
TEST_05890,Peter Paul Rubens
TEST_05891,Rene Magritte
TEST_05892,Pieter Bruegel
TEST_05893,Marc Chagall
TEST_05894,Rene Magritte
TEST_05895,Salvador Dali
TEST_05896,Jackson Pollock
TEST_05897,Vincent van Gogh
TEST_05898,Albrecht Du rer
TEST_05899,Georges Seurat
TEST_05900,Amedeo Modigliani
TEST_05901,Frida Kahlo
TEST_05902,Sandro Botticelli
TEST_05903,Albrecht Du rer
TEST_05904,Leonardo da Vinci
TEST_05905,Rene Magritte
TEST_05906,Albrecht Du rer
TEST_05907,Vincent van Gogh
TEST_05908,Leonardo da Vinci
TEST_05909,Frida Kahlo
TEST_05910,Sandro Botticelli
TEST_05911,Caravaggio
TEST_05912,Sandro Botticelli
TEST_05913,William Turner
TEST_05914,Paul Gauguin
TEST_05915,Leonardo da Vinci
TEST_05916,Vincent van Gogh
TEST_05917,Giotto di Bondone
TEST_05918,Marc Chagall
TEST_05919,Peter Paul Rubens
TEST_05920,Raphael
TEST_05921,Pieter Bruegel
TEST_05922,Pierre-Auguste Renoir
TEST_05923,Albrecht Du rer
TEST_05924,Vincent van Gogh
TEST_05925,Gustav Klimt
TEST_05926,Andrei Rublev
TEST_05927,Paul Gauguin
TEST_05928,Leonardo da Vinci
TEST_05929,Vincent van Gogh
TEST_05930,Albrecht Du rer
TEST_05931,Vincent van Gogh
TEST_05932,Georges Seurat
TEST_05933,Leonardo da Vinci
TEST_05934,Vincent van Gogh
TEST_05935,Peter Paul Rubens
TEST_05936,Kazimir Malevich
TEST_05937,Gustav Klimt
TEST_05938,Gustav Klimt
TEST_05939,Kazimir Malevich
TEST_05940,William Turner
TEST_05941,Peter Paul Rubens
TEST_05942,Rene Magritte
TEST_05943,Jan van Eyck
TEST_05944,Andy Warhol
TEST_05945,Vincent van Gogh
TEST_05946,Camille Pissarro
TEST_05947,Vincent van Gogh
TEST_05948,Gustav Klimt
TEST_05949,Francisco Goya
TEST_05950,Albrecht Du rer
TEST_05951,Piet Mondrian
TEST_05952,Leonardo da Vinci
TEST_05953,Frida Kahlo
TEST_05954,Edgar Degas
TEST_05955,Francisco Goya
TEST_05956,Pierre-Auguste Renoir
TEST_05957,Paul Gauguin
TEST_05958,Vincent van Gogh
TEST_05959,Leonardo da Vinci
TEST_05960,Titian
TEST_05961,Albrecht Du rer
TEST_05962,Jan van Eyck
TEST_05963,Pieter Bruegel
TEST_05964,Peter Paul Rubens
TEST_05965,Titian
TEST_05966,Pierre-Auguste Renoir
TEST_05967,Albrecht Du rer
TEST_05968,Pierre-Auguste Renoir
TEST_05969,Vincent van Gogh
TEST_05970,Pieter Bruegel
TEST_05971,Vincent van Gogh
TEST_05972,Rembrandt
TEST_05973,El Greco
TEST_05974,Paul Klee
TEST_05975,Pierre-Auguste Renoir
TEST_05976,Camille Pissarro
TEST_05977,Albrecht Du rer
TEST_05978,Albrecht Du rer
TEST_05979,William Turner
TEST_05980,Pieter Bruegel
TEST_05981,Frida Kahlo
TEST_05982,Pieter Bruegel
TEST_05983,Paul Gauguin
TEST_05984,Andrei Rublev
TEST_05985,Albrecht Du rer
TEST_05986,Albrecht Du rer
TEST_05987,Rene Magritte
TEST_05988,Leonardo da Vinci
TEST_05989,Francisco Goya
TEST_05990,Leonardo da Vinci
TEST_05991,Francisco Goya
TEST_05992,Rembrandt
TEST_05993,Leonardo da Vinci
TEST_05994,Piet Mondrian
TEST_05995,Titian
TEST_05996,Francisco Goya
TEST_05997,Piet Mondrian
TEST_05998,Piet Mondrian
TEST_05999,Jan van Eyck
TEST_06000,Andrei Rublev
TEST_06001,Jan van Eyck
TEST_06002,Francisco Goya
TEST_06003,Francisco Goya
TEST_06004,El Greco
TEST_06005,Peter Paul Rubens
TEST_06006,Gustave Courbet
TEST_06007,Leonardo da Vinci
TEST_06008,Sandro Botticelli
TEST_06009,Paul Cezanne
TEST_06010,Georges Seurat
TEST_06011,Mikhail Vrubel
TEST_06012,Alfred Sisley
TEST_06013,Paul Gauguin
TEST_06014,Andy Warhol
TEST_06015,Leonardo da Vinci
TEST_06016,Peter Paul Rubens
TEST_06017,Vincent van Gogh
TEST_06018,Alfred Sisley
TEST_06019,Jackson Pollock
TEST_06020,Vincent van Gogh
TEST_06021,Sandro Botticelli
TEST_06022,Andy Warhol
TEST_06023,Alfred Sisley
TEST_06024,Camille Pissarro
TEST_06025,Georges Seurat
TEST_06026,Jackson Pollock
TEST_06027,William Turner
TEST_06028,Leonardo da Vinci
TEST_06029,Rene Magritte
TEST_06030,Paul Gauguin
TEST_06031,Peter Paul Rubens
TEST_06032,Jackson Pollock
TEST_06033,Pierre-Auguste Renoir
TEST_06034,Marc Chagall
TEST_06035,El Greco
TEST_06036,Marc Chagall
TEST_06037,Pierre-Auguste Renoir
TEST_06038,Hieronymus Bosch
TEST_06039,Peter Paul Rubens
TEST_06040,Pierre-Auguste Renoir
TEST_06041,Leonardo da Vinci
TEST_06042,Pierre-Auguste Renoir
TEST_06043,Pierre-Auguste Renoir
TEST_06044,Kazimir Malevich
TEST_06045,Francisco Goya
TEST_06046,Leonardo da Vinci
TEST_06047,Vincent van Gogh
TEST_06048,Pierre-Auguste Renoir
TEST_06049,Alfred Sisley
TEST_06050,Diego Rivera
TEST_06051,Salvador Dali
TEST_06052,Paul Gauguin
TEST_06053,Giotto di Bondone
TEST_06054,Leonardo da Vinci
TEST_06055,Andy Warhol
TEST_06056,Leonardo da Vinci
TEST_06057,Leonardo da Vinci
TEST_06058,Vincent van Gogh
TEST_06059,Francisco Goya
TEST_06060,Georges Seurat
TEST_06061,Georges Seurat
TEST_06062,Albrecht Du rer
TEST_06063,Francisco Goya
TEST_06064,Henri Matisse
TEST_06065,Francisco Goya
TEST_06066,Francisco Goya
TEST_06067,Gustav Klimt
TEST_06068,Mikhail Vrubel
TEST_06069,Marc Chagall
TEST_06070,Caravaggio
TEST_06071,Georges Seurat
TEST_06072,Albrecht Du rer
TEST_06073,Paul Klee
TEST_06074,Paul Gauguin
TEST_06075,Vincent van Gogh
TEST_06076,Pierre-Auguste Renoir
TEST_06077,Vasiliy Kandinskiy
TEST_06078,Titian
TEST_06079,Vincent van Gogh
TEST_06080,Rene Magritte
TEST_06081,Hieronymus Bosch
TEST_06082,Paul Gauguin
TEST_06083,Leonardo da Vinci
TEST_06084,El Greco
TEST_06085,Paul Gauguin
TEST_06086,Amedeo Modigliani
TEST_06087,Rene Magritte
TEST_06088,Paul Gauguin
TEST_06089,Marc Chagall
TEST_06090,Vincent van Gogh
TEST_06091,Diego Rivera
TEST_06092,Pierre-Auguste Renoir
TEST_06093,Peter Paul Rubens
TEST_06094,Albrecht Du rer
TEST_06095,Leonardo da Vinci
TEST_06096,Marc Chagall
TEST_06097,Leonardo da Vinci
TEST_06098,Leonardo da Vinci
TEST_06099,Pierre-Auguste Renoir
TEST_06100,Joan Miro
TEST_06101,William Turner
TEST_06102,Amedeo Modigliani
TEST_06103,Vincent van Gogh
TEST_06104,William Turner
TEST_06105,Jackson Pollock
TEST_06106,Andy Warhol
TEST_06107,Paul Klee
TEST_06108,Camille Pissarro
TEST_06109,Kazimir Malevich
TEST_06110,Andy Warhol
TEST_06111,Hieronymus Bosch
TEST_06112,Gustav Klimt
TEST_06113,Alfred Sisley
TEST_06114,Jackson Pollock
TEST_06115,Vincent van Gogh
TEST_06116,Rembrandt
TEST_06117,Pierre-Auguste Renoir
TEST_06118,Pierre-Auguste Renoir
TEST_06119,Alfred Sisley
TEST_06120,Salvador Dali
TEST_06121,Albrecht Du rer
TEST_06122,Marc Chagall
TEST_06123,Marc Chagall
TEST_06124,Piet Mondrian
TEST_06125,Gustav Klimt
TEST_06126,Pierre-Auguste Renoir
TEST_06127,Pieter Bruegel
TEST_06128,Albrecht Du rer
TEST_06129,Andrei Rublev
TEST_06130,Edgar Degas
TEST_06131,Caravaggio
TEST_06132,Francisco Goya
TEST_06133,William Turner
TEST_06134,Georges Seurat
TEST_06135,Alfred Sisley
TEST_06136,Francisco Goya
TEST_06137,Paul Gauguin
TEST_06138,Rembrandt
TEST_06139,Gustav Klimt
TEST_06140,Albrecht Du rer
TEST_06141,Paul Klee
TEST_06142,Giotto di Bondone
TEST_06143,Jan van Eyck
TEST_06144,Pablo Picasso
TEST_06145,Vincent van Gogh
TEST_06146,Sandro Botticelli
TEST_06147,Pieter Bruegel
TEST_06148,Leonardo da Vinci
TEST_06149,Piet Mondrian
TEST_06150,Francisco Goya
TEST_06151,Albrecht Du rer
TEST_06152,Pierre-Auguste Renoir
TEST_06153,Leonardo da Vinci
TEST_06154,Paul Gauguin
TEST_06155,Andrei Rublev
TEST_06156,Andrei Rublev
TEST_06157,Andrei Rublev
TEST_06158,Andrei Rublev
TEST_06159,Titian
TEST_06160,William Turner
TEST_06161,Salvador Dali
TEST_06162,Pablo Picasso
TEST_06163,Paul Klee
TEST_06164,Andrei Rublev
TEST_06165,Paul Klee
TEST_06166,Pablo Picasso
TEST_06167,Leonardo da Vinci
TEST_06168,Alfred Sisley
TEST_06169,Pierre-Auguste Renoir
TEST_06170,Paul Gauguin
TEST_06171,Gustav Klimt
TEST_06172,Alfred Sisley
TEST_06173,Titian
TEST_06174,Francisco Goya
TEST_06175,Rene Magritte
TEST_06176,Piet Mondrian
TEST_06177,Georges Seurat
TEST_06178,Leonardo da Vinci
TEST_06179,Giotto di Bondone
TEST_06180,Marc Chagall
TEST_06181,Salvador Dali
TEST_06182,Rembrandt
TEST_06183,Vincent van Gogh
TEST_06184,Jan van Eyck
TEST_06185,Kazimir Malevich
TEST_06186,Francisco Goya
TEST_06187,Jackson Pollock
TEST_06188,Vincent van Gogh
TEST_06189,Kazimir Malevich
TEST_06190,Vincent van Gogh
TEST_06191,Peter Paul Rubens
TEST_06192,Vincent van Gogh
TEST_06193,Sandro Botticelli
TEST_06194,Vincent van Gogh
TEST_06195,Piet Mondrian
TEST_06196,Kazimir Malevich
TEST_06197,Vincent van Gogh
TEST_06198,Pierre-Auguste Renoir
TEST_06199,Mikhail Vrubel
TEST_06200,Rembrandt
TEST_06201,Giotto di Bondone
TEST_06202,Paul Gauguin
TEST_06203,Vincent van Gogh
TEST_06204,Pieter Bruegel
TEST_06205,Kazimir Malevich
TEST_06206,William Turner
TEST_06207,Vincent van Gogh
TEST_06208,Paul Gauguin
TEST_06209,Andrei Rublev
TEST_06210,Vincent van Gogh
TEST_06211,Albrecht Du rer
TEST_06212,Jan van Eyck
TEST_06213,Albrecht Du rer
TEST_06214,Pablo Picasso
TEST_06215,Pieter Bruegel
TEST_06216,Paul Gauguin
TEST_06217,Albrecht Du rer
TEST_06218,Alfred Sisley
TEST_06219,Pierre-Auguste Renoir
TEST_06220,Amedeo Modigliani
TEST_06221,Kazimir Malevich
TEST_06222,Albrecht Du rer
TEST_06223,Titian
TEST_06224,Francisco Goya
TEST_06225,Georges Seurat
TEST_06226,Sandro Botticelli
TEST_06227,Amedeo Modigliani
TEST_06228,Camille Pissarro
TEST_06229,Sandro Botticelli
TEST_06230,Jan van Eyck
TEST_06231,Vincent van Gogh
TEST_06232,Paul Gauguin
TEST_06233,El Greco
TEST_06234,Salvador Dali
TEST_06235,Vincent van Gogh
TEST_06236,Joan Miro
TEST_06237,Georges Seurat
TEST_06238,Sandro Botticelli
TEST_06239,Pierre-Auguste Renoir
TEST_06240,Francisco Goya
TEST_06241,Frida Kahlo
TEST_06242,Paul Klee
TEST_06243,Francisco Goya
TEST_06244,Pierre-Auguste Renoir
TEST_06245,Sandro Botticelli
TEST_06246,Gustav Klimt
TEST_06247,Gustav Klimt
TEST_06248,Gustav Klimt
TEST_06249,Andy Warhol
TEST_06250,Claude Monet
TEST_06251,Camille Pissarro
TEST_06252,Paul Gauguin
TEST_06253,Pieter Bruegel
TEST_06254,Titian
TEST_06255,Diego Rivera
TEST_06256,Leonardo da Vinci
TEST_06257,Giotto di Bondone
TEST_06258,Gustav Klimt
TEST_06259,Gustav Klimt
TEST_06260,Sandro Botticelli
TEST_06261,Gustav Klimt
TEST_06262,Paul Gauguin
TEST_06263,Vincent van Gogh
TEST_06264,Pieter Bruegel
TEST_06265,Albrecht Du rer
TEST_06266,Paul Gauguin
TEST_06267,Francisco Goya
TEST_06268,Caravaggio
TEST_06269,Salvador Dali
TEST_06270,Francisco Goya
TEST_06271,Jan van Eyck
TEST_06272,Gustav Klimt
TEST_06273,Francisco Goya
TEST_06274,Albrecht Du rer
TEST_06275,Pieter Bruegel
TEST_06276,Albrecht Du rer
TEST_06277,Francisco Goya
TEST_06278,Salvador Dali
TEST_06279,Pieter Bruegel
TEST_06280,Giotto di Bondone
TEST_06281,Leonardo da Vinci
TEST_06282,Albrecht Du rer
TEST_06283,Leonardo da Vinci
TEST_06284,Caravaggio
TEST_06285,Leonardo da Vinci
TEST_06286,Vincent van Gogh
TEST_06287,El Greco
TEST_06288,Peter Paul Rubens
TEST_06289,Francisco Goya
TEST_06290,Marc Chagall
TEST_06291,Peter Paul Rubens
TEST_06292,Leonardo da Vinci
TEST_06293,Paul Gauguin
TEST_06294,Albrecht Du rer
TEST_06295,Mikhail Vrubel
TEST_06296,Vincent van Gogh
TEST_06297,Pierre-Auguste Renoir
TEST_06298,Francisco Goya
TEST_06299,Andy Warhol
TEST_06300,Camille Pissarro
TEST_06301,Vincent van Gogh
TEST_06302,Mikhail Vrubel
TEST_06303,Pablo Picasso
TEST_06304,Paul Gauguin
TEST_06305,Vincent van Gogh
TEST_06306,Alfred Sisley
TEST_06307,Gustav Klimt
TEST_06308,Pieter Bruegel
TEST_06309,Vincent van Gogh
TEST_06310,Vincent van Gogh
TEST_06311,Albrecht Du rer
TEST_06312,Gustav Klimt
TEST_06313,Frida Kahlo
TEST_06314,Paul Gauguin
TEST_06315,Salvador Dali
TEST_06316,El Greco
TEST_06317,Paul Gauguin
TEST_06318,Rene Magritte
TEST_06319,Andy Warhol
TEST_06320,Rene Magritte
TEST_06321,Albrecht Du rer
TEST_06322,Alfred Sisley
TEST_06323,Piet Mondrian
TEST_06324,Claude Monet
TEST_06325,Vincent van Gogh
TEST_06326,Camille Pissarro
TEST_06327,Paul Klee
TEST_06328,Pieter Bruegel
TEST_06329,Gustav Klimt
TEST_06330,El Greco
TEST_06331,Rembrandt
TEST_06332,Andrei Rublev
TEST_06333,Andy Warhol
TEST_06334,Rembrandt
TEST_06335,Gustav Klimt
TEST_06336,Piet Mondrian
TEST_06337,Vincent van Gogh
TEST_06338,Albrecht Du rer
TEST_06339,Vincent van Gogh
TEST_06340,Joan Miro
TEST_06341,Pieter Bruegel
TEST_06342,Paul Klee
TEST_06343,Rene Magritte
TEST_06344,Frida Kahlo
TEST_06345,Piet Mondrian
TEST_06346,Leonardo da Vinci
TEST_06347,Pablo Picasso
TEST_06348,Pierre-Auguste Renoir
TEST_06349,Rene Magritte
TEST_06350,Vincent van Gogh
TEST_06351,Pierre-Auguste Renoir
TEST_06352,Vincent van Gogh
TEST_06353,Kazimir Malevich
TEST_06354,Pierre-Auguste Renoir
TEST_06355,Vincent van Gogh
TEST_06356,Pieter Bruegel
TEST_06357,Pablo Picasso
TEST_06358,Leonardo da Vinci
TEST_06359,Paul Klee
TEST_06360,Vincent van Gogh
TEST_06361,Marc Chagall
TEST_06362,Albrecht Du rer
TEST_06363,William Turner
TEST_06364,Pieter Bruegel
TEST_06365,Marc Chagall
TEST_06366,Andrei Rublev
TEST_06367,Andy Warhol
TEST_06368,Pierre-Auguste Renoir
TEST_06369,Salvador Dali
TEST_06370,Vincent van Gogh
TEST_06371,Giotto di Bondone
TEST_06372,Pierre-Auguste Renoir
TEST_06373,Mikhail Vrubel
TEST_06374,Marc Chagall
TEST_06375,Kazimir Malevich
TEST_06376,El Greco
TEST_06377,Leonardo da Vinci
TEST_06378,Alfred Sisley
TEST_06379,Gustav Klimt
TEST_06380,Sandro Botticelli
TEST_06381,Pieter Bruegel
TEST_06382,Peter Paul Rubens
TEST_06383,Camille Pissarro
TEST_06384,Kazimir Malevich
TEST_06385,Leonardo da Vinci
TEST_06386,El Greco
TEST_06387,Jan van Eyck
TEST_06388,Mikhail Vrubel
TEST_06389,Alfred Sisley
TEST_06390,Paul Klee
TEST_06391,Amedeo Modigliani
TEST_06392,Diego Rivera
TEST_06393,Kazimir Malevich
TEST_06394,Francisco Goya
TEST_06395,Albrecht Du rer
TEST_06396,Pierre-Auguste Renoir
TEST_06397,Andrei Rublev
TEST_06398,Andy Warhol
TEST_06399,Pablo Picasso
TEST_06400,Jan van Eyck
TEST_06401,Rembrandt
TEST_06402,Albrecht Du rer
TEST_06403,Leonardo da Vinci
TEST_06404,Vincent van Gogh
TEST_06405,Pierre-Auguste Renoir
TEST_06406,Paul Klee
TEST_06407,Vincent van Gogh
TEST_06408,Albrecht Du rer
TEST_06409,Leonardo da Vinci
TEST_06410,Piet Mondrian
TEST_06411,Albrecht Du rer
TEST_06412,Kazimir Malevich
TEST_06413,Paul Klee
TEST_06414,Albrecht Du rer
TEST_06415,Mikhail Vrubel
TEST_06416,Camille Pissarro
TEST_06417,Rene Magritte
TEST_06418,Leonardo da Vinci
TEST_06419,Albrecht Du rer
TEST_06420,Vincent van Gogh
TEST_06421,Pierre-Auguste Renoir
TEST_06422,Piet Mondrian
TEST_06423,Leonardo da Vinci
TEST_06424,Jan van Eyck
TEST_06425,Leonardo da Vinci
TEST_06426,Peter Paul Rubens
TEST_06427,El Greco
TEST_06428,Caravaggio
TEST_06429,Piet Mondrian
TEST_06430,El Greco
TEST_06431,Leonardo da Vinci
TEST_06432,Francisco Goya
TEST_06433,Camille Pissarro
TEST_06434,Albrecht Du rer
TEST_06435,Andrei Rublev
TEST_06436,Claude Monet
TEST_06437,Leonardo da Vinci
TEST_06438,Leonardo da Vinci
TEST_06439,Vincent van Gogh
TEST_06440,Vincent van Gogh
TEST_06441,Joan Miro
TEST_06442,Leonardo da Vinci
TEST_06443,Caravaggio
TEST_06444,Pablo Picasso
TEST_06445,Rembrandt
TEST_06446,Paul Klee
TEST_06447,Pablo Picasso
TEST_06448,Paul Gauguin
TEST_06449,Leonardo da Vinci
TEST_06450,Leonardo da Vinci
TEST_06451,Gustav Klimt
TEST_06452,Titian
TEST_06453,Albrecht Du rer
TEST_06454,Leonardo da Vinci
TEST_06455,Camille Pissarro
TEST_06456,Paul Gauguin
TEST_06457,Edgar Degas
TEST_06458,Albrecht Du rer
TEST_06459,Pierre-Auguste Renoir
TEST_06460,Albrecht Du rer
TEST_06461,Paul Gauguin
TEST_06462,Giotto di Bondone
TEST_06463,Gustav Klimt
TEST_06464,Leonardo da Vinci
TEST_06465,Titian
TEST_06466,Leonardo da Vinci
TEST_06467,Paul Gauguin
TEST_06468,Francisco Goya
TEST_06469,Paul Gauguin
TEST_06470,Amedeo Modigliani
TEST_06471,Vincent van Gogh
TEST_06472,Marc Chagall
TEST_06473,Frida Kahlo
TEST_06474,Camille Pissarro
TEST_06475,Giotto di Bondone
TEST_06476,Leonardo da Vinci
TEST_06477,William Turner
TEST_06478,Alfred Sisley
TEST_06479,Leonardo da Vinci
TEST_06480,Pablo Picasso
TEST_06481,Vincent van Gogh
TEST_06482,Albrecht Du rer
TEST_06483,Pierre-Auguste Renoir
TEST_06484,Frida Kahlo
TEST_06485,Albrecht Du rer
TEST_06486,Jackson Pollock
TEST_06487,Vincent van Gogh
TEST_06488,Vincent van Gogh
TEST_06489,Jan van Eyck
TEST_06490,Rembrandt
TEST_06491,Francisco Goya
TEST_06492,Pieter Bruegel
TEST_06493,Leonardo da Vinci
TEST_06494,Jan van Eyck
TEST_06495,Vincent van Gogh
TEST_06496,Pierre-Auguste Renoir
TEST_06497,Leonardo da Vinci
TEST_06498,Frida Kahlo
TEST_06499,Albrecht Du rer
TEST_06500,Jan van Eyck
TEST_06501,Leonardo da Vinci
TEST_06502,Vincent van Gogh
TEST_06503,Gustav Klimt
TEST_06504,Paul Gauguin
TEST_06505,Leonardo da Vinci
TEST_06506,Leonardo da Vinci
TEST_06507,Georges Seurat
TEST_06508,Rene Magritte
TEST_06509,Pieter Bruegel
TEST_06510,El Greco
TEST_06511,Vincent van Gogh
TEST_06512,Albrecht Du rer
TEST_06513,Pierre-Auguste Renoir
TEST_06514,Peter Paul Rubens
TEST_06515,Claude Monet
TEST_06516,Gustav Klimt
TEST_06517,Leonardo da Vinci
TEST_06518,El Greco
TEST_06519,Vincent van Gogh
TEST_06520,Paul Gauguin
TEST_06521,Francisco Goya
TEST_06522,Leonardo da Vinci
TEST_06523,Paul Gauguin
TEST_06524,Francisco Goya
TEST_06525,Paul Gauguin
TEST_06526,Pablo Picasso
TEST_06527,Pieter Bruegel
TEST_06528,Kazimir Malevich
TEST_06529,Paul Gauguin
TEST_06530,Andy Warhol
TEST_06531,Leonardo da Vinci
TEST_06532,Leonardo da Vinci
TEST_06533,Salvador Dali
TEST_06534,Vincent van Gogh
TEST_06535,Leonardo da Vinci
TEST_06536,Leonardo da Vinci
TEST_06537,Rene Magritte
TEST_06538,Vincent van Gogh
TEST_06539,Mikhail Vrubel
TEST_06540,Gustav Klimt
TEST_06541,Francisco Goya
TEST_06542,Giotto di Bondone
TEST_06543,William Turner
TEST_06544,Gustav Klimt
TEST_06545,Andy Warhol
TEST_06546,Salvador Dali
TEST_06547,Leonardo da Vinci
TEST_06548,Piet Mondrian
TEST_06549,Albrecht Du rer
TEST_06550,Andrei Rublev
TEST_06551,Marc Chagall
TEST_06552,Vincent van Gogh
TEST_06553,Piet Mondrian
TEST_06554,Rembrandt
TEST_06555,Caravaggio
TEST_06556,Diego Rivera
TEST_06557,Jan van Eyck
TEST_06558,Paul Klee
TEST_06559,Pieter Bruegel
TEST_06560,Vincent van Gogh
TEST_06561,Jan van Eyck
TEST_06562,Leonardo da Vinci
TEST_06563,Vincent van Gogh
TEST_06564,Leonardo da Vinci
TEST_06565,Albrecht Du rer
TEST_06566,Titian
TEST_06567,Caravaggio
TEST_06568,Leonardo da Vinci
TEST_06569,Peter Paul Rubens
TEST_06570,Georges Seurat
TEST_06571,Sandro Botticelli
TEST_06572,Peter Paul Rubens
TEST_06573,Caravaggio
TEST_06574,Pierre-Auguste Renoir
TEST_06575,Francisco Goya
TEST_06576,Paul Klee
TEST_06577,Paul Gauguin
TEST_06578,Gustav Klimt
TEST_06579,Mikhail Vrubel
TEST_06580,Paul Gauguin
TEST_06581,Rene Magritte
TEST_06582,Frida Kahlo
TEST_06583,Kazimir Malevich
TEST_06584,Pieter Bruegel
TEST_06585,Gustav Klimt
TEST_06586,Peter Paul Rubens
TEST_06587,Piet Mondrian
TEST_06588,William Turner
TEST_06589,Pieter Bruegel
TEST_06590,Sandro Botticelli
TEST_06591,Leonardo da Vinci
TEST_06592,Mikhail Vrubel
TEST_06593,Leonardo da Vinci
TEST_06594,Francisco Goya
TEST_06595,Giotto di Bondone
TEST_06596,Georges Seurat
TEST_06597,Pieter Bruegel
TEST_06598,Vincent van Gogh
TEST_06599,Jan van Eyck
TEST_06600,El Greco
TEST_06601,Sandro Botticelli
TEST_06602,William Turner
TEST_06603,Paul Klee
TEST_06604,Albrecht Du rer
TEST_06605,Pierre-Auguste Renoir
TEST_06606,Peter Paul Rubens
TEST_06607,Camille Pissarro
TEST_06608,El Greco
TEST_06609,Albrecht Du rer
TEST_06610,Albrecht Du rer
TEST_06611,Vincent van Gogh
TEST_06612,Piet Mondrian
TEST_06613,Alfred Sisley
TEST_06614,Caravaggio
TEST_06615,Vincent van Gogh
TEST_06616,Salvador Dali
TEST_06617,Leonardo da Vinci
TEST_06618,Andy Warhol
TEST_06619,Claude Monet
TEST_06620,Pieter Bruegel
TEST_06621,El Greco
TEST_06622,Pierre-Auguste Renoir
TEST_06623,Amedeo Modigliani
TEST_06624,Leonardo da Vinci
TEST_06625,Leonardo da Vinci
TEST_06626,Andrei Rublev
TEST_06627,Jackson Pollock
TEST_06628,Leonardo da Vinci
TEST_06629,Leonardo da Vinci
TEST_06630,Gustav Klimt
TEST_06631,Leonardo da Vinci
TEST_06632,Albrecht Du rer
TEST_06633,Georges Seurat
TEST_06634,Vincent van Gogh
TEST_06635,Vincent van Gogh
TEST_06636,El Greco
TEST_06637,Andrei Rublev
TEST_06638,Albrecht Du rer
TEST_06639,Georges Seurat
TEST_06640,Giotto di Bondone
TEST_06641,Paul Klee
TEST_06642,Albrecht Du rer
TEST_06643,Jan van Eyck
TEST_06644,Andy Warhol
TEST_06645,Pablo Picasso
TEST_06646,Albrecht Du rer
TEST_06647,Leonardo da Vinci
TEST_06648,Gustav Klimt
TEST_06649,Albrecht Du rer
TEST_06650,Claude Monet
TEST_06651,Leonardo da Vinci
TEST_06652,Jan van Eyck
TEST_06653,Marc Chagall
TEST_06654,Diego Rivera
TEST_06655,Andy Warhol
TEST_06656,Kazimir Malevich
TEST_06657,Gustav Klimt
TEST_06658,Andrei Rublev
TEST_06659,Pieter Bruegel
TEST_06660,Titian
TEST_06661,Francisco Goya
TEST_06662,Pierre-Auguste Renoir
TEST_06663,Albrecht Du rer
TEST_06664,Leonardo da Vinci
TEST_06665,Paul Klee
TEST_06666,Francisco Goya
TEST_06667,Leonardo da Vinci
TEST_06668,Alfred Sisley
TEST_06669,Sandro Botticelli
TEST_06670,Piet Mondrian
TEST_06671,Pierre-Auguste Renoir
TEST_06672,Andy Warhol
TEST_06673,Pierre-Auguste Renoir
TEST_06674,William Turner
TEST_06675,Jan van Eyck
TEST_06676,Titian
TEST_06677,Salvador Dali
TEST_06678,Raphael
TEST_06679,El Greco
TEST_06680,Vincent van Gogh
TEST_06681,Vincent van Gogh
TEST_06682,Paul Gauguin
TEST_06683,Pierre-Auguste Renoir
TEST_06684,Albrecht Du rer
TEST_06685,Vincent van Gogh
TEST_06686,Leonardo da Vinci
TEST_06687,Pablo Picasso
TEST_06688,Vincent van Gogh
TEST_06689,William Turner
TEST_06690,Peter Paul Rubens
TEST_06691,Albrecht Du rer
TEST_06692,Paul Gauguin
TEST_06693,Albrecht Du rer
TEST_06694,William Turner
TEST_06695,Giotto di Bondone
TEST_06696,Piet Mondrian
TEST_06697,El Greco
TEST_06698,Alfred Sisley
TEST_06699,Leonardo da Vinci
TEST_06700,Francisco Goya
TEST_06701,Pierre-Auguste Renoir
TEST_06702,Frida Kahlo
TEST_06703,Francisco Goya
TEST_06704,Pablo Picasso
TEST_06705,Camille Pissarro
TEST_06706,Giotto di Bondone
TEST_06707,Gustav Klimt
TEST_06708,Vincent van Gogh
TEST_06709,Francisco Goya
TEST_06710,Albrecht Du rer
TEST_06711,Amedeo Modigliani
TEST_06712,Alfred Sisley
TEST_06713,Albrecht Du rer
TEST_06714,Vincent van Gogh
TEST_06715,Jan van Eyck
TEST_06716,Paul Klee
TEST_06717,Jan van Eyck
TEST_06718,Pierre-Auguste Renoir
TEST_06719,Sandro Botticelli
TEST_06720,Paul Gauguin
TEST_06721,Alfred Sisley
TEST_06722,Vincent van Gogh
TEST_06723,Alfred Sisley
TEST_06724,Pierre-Auguste Renoir
TEST_06725,Leonardo da Vinci
TEST_06726,Francisco Goya
TEST_06727,Vincent van Gogh
TEST_06728,Gustav Klimt
TEST_06729,Sandro Botticelli
TEST_06730,Pieter Bruegel
TEST_06731,Sandro Botticelli
TEST_06732,Vincent van Gogh
TEST_06733,Vincent van Gogh
TEST_06734,Leonardo da Vinci
TEST_06735,Mikhail Vrubel
TEST_06736,Jan van Eyck
TEST_06737,Paul Klee
TEST_06738,Leonardo da Vinci
TEST_06739,Paul Gauguin
TEST_06740,Rembrandt
TEST_06741,Andrei Rublev
TEST_06742,Marc Chagall
TEST_06743,Albrecht Du rer
TEST_06744,Albrecht Du rer
TEST_06745,Pieter Bruegel
TEST_06746,Marc Chagall
TEST_06747,Paul Gauguin
TEST_06748,Vincent van Gogh
TEST_06749,Giotto di Bondone
TEST_06750,Salvador Dali
TEST_06751,Jan van Eyck
TEST_06752,William Turner
TEST_06753,Leonardo da Vinci
TEST_06754,William Turner
TEST_06755,Alfred Sisley
TEST_06756,Jan van Eyck
TEST_06757,Andrei Rublev
TEST_06758,Francisco Goya
TEST_06759,Pablo Picasso
TEST_06760,Andrei Rublev
TEST_06761,Sandro Botticelli
TEST_06762,Francisco Goya
TEST_06763,Albrecht Du rer
TEST_06764,El Greco
TEST_06765,Jan van Eyck
TEST_06766,Vincent van Gogh
TEST_06767,Francisco Goya
TEST_06768,Hieronymus Bosch
TEST_06769,William Turner
TEST_06770,Diego Rivera
TEST_06771,Paul Gauguin
TEST_06772,Pieter Bruegel
TEST_06773,Vincent van Gogh
TEST_06774,Salvador Dali
TEST_06775,Pierre-Auguste Renoir
TEST_06776,Gustav Klimt
TEST_06777,Vincent van Gogh
TEST_06778,Gustav Klimt
TEST_06779,Leonardo da Vinci
TEST_06780,Albrecht Du rer
TEST_06781,Vincent van Gogh
TEST_06782,Georges Seurat
TEST_06783,Alfred Sisley
TEST_06784,Frida Kahlo
TEST_06785,Pieter Bruegel
TEST_06786,Pierre-Auguste Renoir
TEST_06787,Peter Paul Rubens
TEST_06788,Vincent van Gogh
TEST_06789,Leonardo da Vinci
TEST_06790,Mikhail Vrubel
TEST_06791,Frida Kahlo
TEST_06792,William Turner
TEST_06793,Alfred Sisley
TEST_06794,Francisco Goya
TEST_06795,Pierre-Auguste Renoir
TEST_06796,Rembrandt
TEST_06797,El Greco
TEST_06798,Gustav Klimt
TEST_06799,Rene Magritte
TEST_06800,Jan van Eyck
TEST_06801,Albrecht Du rer
TEST_06802,Albrecht Du rer
TEST_06803,Paul Gauguin
TEST_06804,Vincent van Gogh
TEST_06805,Leonardo da Vinci
TEST_06806,Pieter Bruegel
TEST_06807,Vincent van Gogh
TEST_06808,Diego Rivera
TEST_06809,Albrecht Du rer
TEST_06810,Francisco Goya
TEST_06811,Camille Pissarro
TEST_06812,Giotto di Bondone
TEST_06813,Pablo Picasso
TEST_06814,Vincent van Gogh
TEST_06815,Albrecht Du rer
TEST_06816,William Turner
TEST_06817,Albrecht Du rer
TEST_06818,Alfred Sisley
TEST_06819,Eugene Delacroix
TEST_06820,Paul Klee
TEST_06821,Georges Seurat
TEST_06822,Paul Gauguin
TEST_06823,Pieter Bruegel
TEST_06824,Georges Seurat
TEST_06825,Giotto di Bondone
TEST_06826,Vasiliy Kandinskiy
TEST_06827,Pieter Bruegel
TEST_06828,Vincent van Gogh
TEST_06829,Paul Gauguin
TEST_06830,Kazimir Malevich
TEST_06831,Paul Klee
TEST_06832,Jackson Pollock
TEST_06833,Leonardo da Vinci
TEST_06834,Mikhail Vrubel
TEST_06835,Frida Kahlo
TEST_06836,Pieter Bruegel
TEST_06837,Jackson Pollock
TEST_06838,Vincent van Gogh
TEST_06839,Paul Gauguin
TEST_06840,Jan van Eyck
TEST_06841,Paul Gauguin
TEST_06842,Pierre-Auguste Renoir
TEST_06843,Alfred Sisley
TEST_06844,Camille Pissarro
TEST_06845,Rembrandt
TEST_06846,Vincent van Gogh
TEST_06847,Leonardo da Vinci
TEST_06848,Vincent van Gogh
TEST_06849,Pieter Bruegel
TEST_06850,Gustave Courbet
TEST_06851,Frida Kahlo
TEST_06852,Albrecht Du rer
TEST_06853,Pierre-Auguste Renoir
TEST_06854,Paul Gauguin
TEST_06855,Alfred Sisley
TEST_06856,Kazimir Malevich
TEST_06857,Piet Mondrian
TEST_06858,Caravaggio
TEST_06859,Paul Gauguin
TEST_06860,Jackson Pollock
TEST_06861,Gustav Klimt
TEST_06862,Paul Gauguin
TEST_06863,Pieter Bruegel
TEST_06864,Giotto di Bondone
TEST_06865,Paul Gauguin
TEST_06866,Kazimir Malevich
TEST_06867,Vincent van Gogh
TEST_06868,Sandro Botticelli
TEST_06869,Leonardo da Vinci
TEST_06870,Leonardo da Vinci
TEST_06871,Paul Gauguin
TEST_06872,Jan van Eyck
TEST_06873,Alfred Sisley
TEST_06874,Giotto di Bondone
TEST_06875,Gustave Courbet
TEST_06876,Jan van Eyck
TEST_06877,Salvador Dali
TEST_06878,Pierre-Auguste Renoir
TEST_06879,Francisco Goya
TEST_06880,William Turner
TEST_06881,Paul Klee
TEST_06882,Piet Mondrian
TEST_06883,Leonardo da Vinci
TEST_06884,Pieter Bruegel
TEST_06885,Frida Kahlo
TEST_06886,Albrecht Du rer
TEST_06887,Hieronymus Bosch
TEST_06888,Rembrandt
TEST_06889,Leonardo da Vinci
TEST_06890,Giotto di Bondone
TEST_06891,Leonardo da Vinci
TEST_06892,Francisco Goya
TEST_06893,Rembrandt
TEST_06894,Georges Seurat
TEST_06895,Pierre-Auguste Renoir
TEST_06896,Sandro Botticelli
TEST_06897,Salvador Dali
TEST_06898,Alfred Sisley
TEST_06899,Caravaggio
TEST_06900,Albrecht Du rer
TEST_06901,Pieter Bruegel
TEST_06902,Vincent van Gogh
TEST_06903,Frida Kahlo
TEST_06904,Jan van Eyck
TEST_06905,William Turner
TEST_06906,Vincent van Gogh
TEST_06907,Paul Gauguin
TEST_06908,Pablo Picasso
TEST_06909,Vincent van Gogh
TEST_06910,Rene Magritte
TEST_06911,Rene Magritte
TEST_06912,Rene Magritte
TEST_06913,Alfred Sisley
TEST_06914,Diego Rivera
TEST_06915,Frida Kahlo
TEST_06916,Pieter Bruegel
TEST_06917,Leonardo da Vinci
TEST_06918,Edgar Degas
TEST_06919,Pablo Picasso
TEST_06920,Paul Klee
TEST_06921,Diego Rivera
TEST_06922,Paul Gauguin
TEST_06923,Rene Magritte
TEST_06924,Gustav Klimt
TEST_06925,Sandro Botticelli
TEST_06926,Vincent van Gogh
TEST_06927,Paul Gauguin
TEST_06928,Giotto di Bondone
TEST_06929,Francisco Goya
TEST_06930,Kazimir Malevich
TEST_06931,William Turner
TEST_06932,Gustav Klimt
TEST_06933,Francisco Goya
TEST_06934,Paul Gauguin
TEST_06935,Peter Paul Rubens
TEST_06936,Vincent van Gogh
TEST_06937,Francisco Goya
TEST_06938,Sandro Botticelli
TEST_06939,Georges Seurat
TEST_06940,El Greco
TEST_06941,Vincent van Gogh
TEST_06942,Andy Warhol
TEST_06943,Piet Mondrian
TEST_06944,William Turner
TEST_06945,Marc Chagall
TEST_06946,Paul Klee
TEST_06947,Pierre-Auguste Renoir
TEST_06948,Paul Gauguin
TEST_06949,Marc Chagall
TEST_06950,Andrei Rublev
TEST_06951,Sandro Botticelli
TEST_06952,Camille Pissarro
TEST_06953,Pierre-Auguste Renoir
TEST_06954,Gustav Klimt
TEST_06955,Rembrandt
TEST_06956,Paul Gauguin
TEST_06957,Pieter Bruegel
TEST_06958,Diego Rivera
TEST_06959,Alfred Sisley
TEST_06960,Pieter Bruegel
TEST_06961,Pablo Picasso
TEST_06962,Georges Seurat
TEST_06963,Pieter Bruegel
TEST_06964,Leonardo da Vinci
TEST_06965,Albrecht Du rer
TEST_06966,Francisco Goya
TEST_06967,Gustave Courbet
TEST_06968,Pieter Bruegel
TEST_06969,Pierre-Auguste Renoir
TEST_06970,Andrei Rublev
TEST_06971,Pieter Bruegel
TEST_06972,Vincent van Gogh
TEST_06973,Paul Klee
TEST_06974,Piet Mondrian
TEST_06975,Pieter Bruegel
TEST_06976,Titian
TEST_06977,Francisco Goya
TEST_06978,Jackson Pollock
TEST_06979,Vincent van Gogh
TEST_06980,William Turner
TEST_06981,Paul Gauguin
TEST_06982,Vincent van Gogh
TEST_06983,Titian
TEST_06984,Kazimir Malevich
TEST_06985,Alfred Sisley
TEST_06986,Gustav Klimt
TEST_06987,Paul Klee
TEST_06988,Salvador Dali
TEST_06989,Pierre-Auguste Renoir
TEST_06990,Francisco Goya
TEST_06991,Leonardo da Vinci
TEST_06992,Vincent van Gogh
TEST_06993,Vincent van Gogh
TEST_06994,Paul Gauguin
TEST_06995,Albrecht Du rer
TEST_06996,Gustav Klimt
TEST_06997,Vincent van Gogh
TEST_06998,Leonardo da Vinci
TEST_06999,Francisco Goya
TEST_07000,Piet Mondrian
TEST_07001,Kazimir Malevich
TEST_07002,Albrecht Du rer
TEST_07003,Jackson Pollock
TEST_07004,Titian
TEST_07005,Peter Paul Rubens
TEST_07006,El Greco
TEST_07007,Sandro Botticelli
TEST_07008,Leonardo da Vinci
TEST_07009,Jan van Eyck
TEST_07010,Pierre-Auguste Renoir
TEST_07011,Pierre-Auguste Renoir
TEST_07012,Jan van Eyck
TEST_07013,Pieter Bruegel
TEST_07014,Pieter Bruegel
TEST_07015,Amedeo Modigliani
TEST_07016,Jackson Pollock
TEST_07017,Leonardo da Vinci
TEST_07018,El Greco
TEST_07019,Albrecht Du rer
TEST_07020,Paul Klee
TEST_07021,Leonardo da Vinci
TEST_07022,Raphael
TEST_07023,Caravaggio
TEST_07024,Albrecht Du rer
TEST_07025,El Greco
TEST_07026,Rembrandt
TEST_07027,Pierre-Auguste Renoir
TEST_07028,Diego Rivera
TEST_07029,Leonardo da Vinci
TEST_07030,Vincent van Gogh
TEST_07031,Titian
TEST_07032,Leonardo da Vinci
TEST_07033,Giotto di Bondone
TEST_07034,Jan van Eyck
TEST_07035,Vincent van Gogh
TEST_07036,Albrecht Du rer
TEST_07037,Leonardo da Vinci
TEST_07038,Diego Rivera
TEST_07039,Pieter Bruegel
TEST_07040,Alfred Sisley
TEST_07041,Pieter Bruegel
TEST_07042,Piet Mondrian
TEST_07043,Pieter Bruegel
TEST_07044,Francisco Goya
TEST_07045,Jan van Eyck
TEST_07046,Andrei Rublev
TEST_07047,Peter Paul Rubens
TEST_07048,Rembrandt
TEST_07049,Frida Kahlo
TEST_07050,Andy Warhol
TEST_07051,Paul Gauguin
TEST_07052,Vincent van Gogh
TEST_07053,Pieter Bruegel
TEST_07054,Jan van Eyck
TEST_07055,Leonardo da Vinci
TEST_07056,Pieter Bruegel
TEST_07057,Giotto di Bondone
TEST_07058,Leonardo da Vinci
TEST_07059,Hieronymus Bosch
TEST_07060,Pierre-Auguste Renoir
TEST_07061,Hieronymus Bosch
TEST_07062,Albrecht Du rer
TEST_07063,Frida Kahlo
TEST_07064,Albrecht Du rer
TEST_07065,Marc Chagall
TEST_07066,Francisco Goya
TEST_07067,Kazimir Malevich
TEST_07068,Paul Gauguin
TEST_07069,Georges Seurat
TEST_07070,Salvador Dali
TEST_07071,Hieronymus Bosch
TEST_07072,Andy Warhol
TEST_07073,Pieter Bruegel
TEST_07074,Albrecht Du rer
TEST_07075,Georges Seurat
TEST_07076,Leonardo da Vinci
TEST_07077,Pierre-Auguste Renoir
TEST_07078,Francisco Goya
TEST_07079,Albrecht Du rer
TEST_07080,Peter Paul Rubens
TEST_07081,Rene Magritte
TEST_07082,Sandro Botticelli
TEST_07083,Albrecht Du rer
TEST_07084,Rembrandt
TEST_07085,Andrei Rublev
TEST_07086,Francisco Goya
TEST_07087,Alfred Sisley
TEST_07088,Giotto di Bondone
TEST_07089,Jan van Eyck
TEST_07090,Albrecht Du rer
TEST_07091,Leonardo da Vinci
TEST_07092,El Greco
TEST_07093,Pieter Bruegel
TEST_07094,Pierre-Auguste Renoir
TEST_07095,Vincent van Gogh
TEST_07096,El Greco
TEST_07097,Pierre-Auguste Renoir
TEST_07098,Georges Seurat
TEST_07099,Jan van Eyck
TEST_07100,Gustav Klimt
TEST_07101,Pieter Bruegel
TEST_07102,Gustave Courbet
TEST_07103,Albrecht Du rer
TEST_07104,Albrecht Du rer
TEST_07105,Rene Magritte
TEST_07106,Alfred Sisley
TEST_07107,Francisco Goya
TEST_07108,Jan van Eyck
TEST_07109,Vincent van Gogh
TEST_07110,Salvador Dali
TEST_07111,Paul Gauguin
TEST_07112,Alfred Sisley
TEST_07113,Vincent van Gogh
TEST_07114,Rembrandt
TEST_07115,Leonardo da Vinci
TEST_07116,Pierre-Auguste Renoir
TEST_07117,William Turner
TEST_07118,Francisco Goya
TEST_07119,El Greco
TEST_07120,Andy Warhol
TEST_07121,Alfred Sisley
TEST_07122,Jackson Pollock
TEST_07123,Paul Gauguin
TEST_07124,El Greco
TEST_07125,Francisco Goya
TEST_07126,Francisco Goya
TEST_07127,Jan van Eyck
TEST_07128,Gustav Klimt
TEST_07129,Gustav Klimt
TEST_07130,William Turner
TEST_07131,Leonardo da Vinci
TEST_07132,Sandro Botticelli
TEST_07133,El Greco
TEST_07134,Albrecht Du rer
TEST_07135,Leonardo da Vinci
TEST_07136,Leonardo da Vinci
TEST_07137,Paul Gauguin
TEST_07138,Kazimir Malevich
TEST_07139,Paul Gauguin
TEST_07140,Jackson Pollock
TEST_07141,Salvador Dali
TEST_07142,Sandro Botticelli
TEST_07143,Vincent van Gogh
TEST_07144,Jackson Pollock
TEST_07145,Francisco Goya
TEST_07146,Leonardo da Vinci
TEST_07147,Frida Kahlo
TEST_07148,Vincent van Gogh
TEST_07149,Peter Paul Rubens
TEST_07150,Pieter Bruegel
TEST_07151,Albrecht Du rer
TEST_07152,Pieter Bruegel
TEST_07153,Sandro Botticelli
TEST_07154,Giotto di Bondone
TEST_07155,Peter Paul Rubens
TEST_07156,William Turner
TEST_07157,Jackson Pollock
TEST_07158,Joan Miro
TEST_07159,Gustav Klimt
TEST_07160,Jan van Eyck
TEST_07161,Pierre-Auguste Renoir
TEST_07162,El Greco
TEST_07163,Rene Magritte
TEST_07164,Vincent van Gogh
TEST_07165,Piet Mondrian
TEST_07166,El Greco
TEST_07167,Leonardo da Vinci
TEST_07168,Georges Seurat
TEST_07169,Vincent van Gogh
TEST_07170,Leonardo da Vinci
TEST_07171,William Turner
TEST_07172,Jackson Pollock
TEST_07173,Vincent van Gogh
TEST_07174,Francisco Goya
TEST_07175,Pieter Bruegel
TEST_07176,Vincent van Gogh
TEST_07177,Piet Mondrian
TEST_07178,Amedeo Modigliani
TEST_07179,Alfred Sisley
TEST_07180,Albrecht Du rer
TEST_07181,Pierre-Auguste Renoir
TEST_07182,Piet Mondrian
TEST_07183,Gustav Klimt
TEST_07184,Francisco Goya
TEST_07185,Leonardo da Vinci
TEST_07186,Francisco Goya
TEST_07187,Rene Magritte
TEST_07188,Albrecht Du rer
TEST_07189,Albrecht Du rer
TEST_07190,Vincent van Gogh
TEST_07191,Rembrandt
TEST_07192,Gustav Klimt
TEST_07193,Kazimir Malevich
TEST_07194,Kazimir Malevich
TEST_07195,Paul Gauguin
TEST_07196,Georges Seurat
TEST_07197,Edouard Manet
TEST_07198,Rene Magritte
TEST_07199,Hieronymus Bosch
TEST_07200,Gustav Klimt
TEST_07201,Jan van Eyck
TEST_07202,Hieronymus Bosch
TEST_07203,El Greco
TEST_07204,Albrecht Du rer
TEST_07205,Sandro Botticelli
TEST_07206,Leonardo da Vinci
TEST_07207,Paul Klee
TEST_07208,Pierre-Auguste Renoir
TEST_07209,Rembrandt
TEST_07210,Pierre-Auguste Renoir
TEST_07211,Vincent van Gogh
TEST_07212,Paul Gauguin
TEST_07213,Marc Chagall
TEST_07214,Leonardo da Vinci
TEST_07215,El Greco
TEST_07216,El Greco
TEST_07217,Marc Chagall
TEST_07218,Georges Seurat
TEST_07219,El Greco
TEST_07220,Peter Paul Rubens
TEST_07221,Jan van Eyck
TEST_07222,Mikhail Vrubel
TEST_07223,Sandro Botticelli
TEST_07224,Albrecht Du rer
TEST_07225,Gustav Klimt
TEST_07226,Leonardo da Vinci
TEST_07227,Rembrandt
TEST_07228,Sandro Botticelli
TEST_07229,Albrecht Du rer
TEST_07230,Jan van Eyck
TEST_07231,Mikhail Vrubel
TEST_07232,Leonardo da Vinci
TEST_07233,Vincent van Gogh
TEST_07234,Albrecht Du rer
TEST_07235,Leonardo da Vinci
TEST_07236,Pieter Bruegel
TEST_07237,Albrecht Du rer
TEST_07238,Vincent van Gogh
TEST_07239,Vincent van Gogh
TEST_07240,Andrei Rublev
TEST_07241,Mikhail Vrubel
TEST_07242,Alfred Sisley
TEST_07243,Francisco Goya
TEST_07244,Frida Kahlo
TEST_07245,Albrecht Du rer
TEST_07246,Leonardo da Vinci
TEST_07247,Pieter Bruegel
TEST_07248,Alfred Sisley
TEST_07249,Andrei Rublev
TEST_07250,Rembrandt
TEST_07251,Francisco Goya
TEST_07252,Pieter Bruegel
TEST_07253,Peter Paul Rubens
TEST_07254,Caravaggio
TEST_07255,Vincent van Gogh
TEST_07256,Francisco Goya
TEST_07257,Francisco Goya
TEST_07258,Vincent van Gogh
TEST_07259,Rembrandt
TEST_07260,Vincent van Gogh
TEST_07261,El Greco
TEST_07262,Pierre-Auguste Renoir
TEST_07263,Andrei Rublev
TEST_07264,Pierre-Auguste Renoir
TEST_07265,Pieter Bruegel
TEST_07266,Pierre-Auguste Renoir
TEST_07267,Piet Mondrian
TEST_07268,Pablo Picasso
TEST_07269,Paul Gauguin
TEST_07270,El Greco
TEST_07271,Frida Kahlo
TEST_07272,Pieter Bruegel
TEST_07273,Francisco Goya
TEST_07274,Peter Paul Rubens
TEST_07275,Amedeo Modigliani
TEST_07276,William Turner
TEST_07277,Sandro Botticelli
TEST_07278,Pierre-Auguste Renoir
TEST_07279,Diego Velazquez
TEST_07280,Mikhail Vrubel
TEST_07281,Vincent van Gogh
TEST_07282,Francisco Goya
TEST_07283,Georges Seurat
TEST_07284,William Turner
TEST_07285,Sandro Botticelli
TEST_07286,Vincent van Gogh
TEST_07287,Vincent van Gogh
TEST_07288,Peter Paul Rubens
TEST_07289,Salvador Dali
TEST_07290,Leonardo da Vinci
TEST_07291,Albrecht Du rer
TEST_07292,Giotto di Bondone
TEST_07293,William Turner
TEST_07294,Leonardo da Vinci
TEST_07295,Rene Magritte
TEST_07296,Paul Gauguin
TEST_07297,El Greco
TEST_07298,Albrecht Du rer
TEST_07299,Paul Gauguin
TEST_07300,Albrecht Du rer
TEST_07301,William Turner
TEST_07302,Leonardo da Vinci
TEST_07303,Diego Rivera
TEST_07304,Kazimir Malevich
TEST_07305,Marc Chagall
TEST_07306,Albrecht Du rer
TEST_07307,Jan van Eyck
TEST_07308,Rene Magritte
TEST_07309,Camille Pissarro
TEST_07310,Joan Miro
TEST_07311,Kazimir Malevich
TEST_07312,Vincent van Gogh
TEST_07313,Sandro Botticelli
TEST_07314,Giotto di Bondone
TEST_07315,Francisco Goya
TEST_07316,Mikhail Vrubel
TEST_07317,Albrecht Du rer
TEST_07318,Francisco Goya
TEST_07319,Pieter Bruegel
TEST_07320,Frida Kahlo
TEST_07321,Pablo Picasso
TEST_07322,Paul Klee
TEST_07323,Gustav Klimt
TEST_07324,Jan van Eyck
TEST_07325,Gustav Klimt
TEST_07326,Jackson Pollock
TEST_07327,Andrei Rublev
TEST_07328,Francisco Goya
TEST_07329,El Greco
TEST_07330,Leonardo da Vinci
TEST_07331,Mikhail Vrubel
TEST_07332,Pablo Picasso
TEST_07333,Alfred Sisley
TEST_07334,Vincent van Gogh
TEST_07335,Camille Pissarro
TEST_07336,Kazimir Malevich
TEST_07337,Albrecht Du rer
TEST_07338,Salvador Dali
TEST_07339,Pierre-Auguste Renoir
TEST_07340,Pablo Picasso
TEST_07341,El Greco
TEST_07342,Paul Klee
TEST_07343,Jan van Eyck
TEST_07344,Hieronymus Bosch
TEST_07345,Kazimir Malevich
TEST_07346,Leonardo da Vinci
TEST_07347,Alfred Sisley
TEST_07348,William Turner
TEST_07349,Albrecht Du rer
TEST_07350,Peter Paul Rubens
TEST_07351,Vincent van Gogh
TEST_07352,Andrei Rublev
TEST_07353,William Turner
TEST_07354,Francisco Goya
TEST_07355,Vincent van Gogh
TEST_07356,Albrecht Du rer
TEST_07357,Francisco Goya
TEST_07358,Francisco Goya
TEST_07359,Diego Rivera
TEST_07360,Diego Rivera
TEST_07361,Alfred Sisley
TEST_07362,Gustav Klimt
TEST_07363,Vincent van Gogh
TEST_07364,Hieronymus Bosch
TEST_07365,Pierre-Auguste Renoir
TEST_07366,Pierre-Auguste Renoir
TEST_07367,William Turner
TEST_07368,Albrecht Du rer
TEST_07369,Gustav Klimt
TEST_07370,Titian
TEST_07371,Albrecht Du rer
TEST_07372,Frida Kahlo
TEST_07373,Albrecht Du rer
TEST_07374,Michelangelo
TEST_07375,Andrei Rublev
TEST_07376,Vincent van Gogh
TEST_07377,Pierre-Auguste Renoir
TEST_07378,Kazimir Malevich
TEST_07379,Vincent van Gogh
TEST_07380,Paul Klee
TEST_07381,Salvador Dali
TEST_07382,Kazimir Malevich
TEST_07383,Titian
TEST_07384,Frida Kahlo
TEST_07385,Paul Klee
TEST_07386,Peter Paul Rubens
TEST_07387,El Greco
TEST_07388,Peter Paul Rubens
TEST_07389,Frida Kahlo
TEST_07390,Rembrandt
TEST_07391,Gustav Klimt
TEST_07392,Piet Mondrian
TEST_07393,Vincent van Gogh
TEST_07394,Piet Mondrian
TEST_07395,Frida Kahlo
TEST_07396,Paul Klee
TEST_07397,Paul Klee
TEST_07398,Albrecht Du rer
TEST_07399,Vincent van Gogh
TEST_07400,Leonardo da Vinci
TEST_07401,Albrecht Du rer
TEST_07402,Pablo Picasso
TEST_07403,Albrecht Du rer
TEST_07404,Camille Pissarro
TEST_07405,Peter Paul Rubens
TEST_07406,Gustav Klimt
TEST_07407,Vincent van Gogh
TEST_07408,Leonardo da Vinci
TEST_07409,Pieter Bruegel
TEST_07410,Pieter Bruegel
TEST_07411,Kazimir Malevich
TEST_07412,Vincent van Gogh
TEST_07413,Vincent van Gogh
TEST_07414,Raphael
TEST_07415,Eugene Delacroix
TEST_07416,Peter Paul Rubens
TEST_07417,Andy Warhol
TEST_07418,Jan van Eyck
TEST_07419,Pieter Bruegel
TEST_07420,Piet Mondrian
TEST_07421,Jan van Eyck
TEST_07422,El Greco
TEST_07423,Albrecht Du rer
TEST_07424,Paul Gauguin
TEST_07425,Paul Klee
TEST_07426,Jan van Eyck
TEST_07427,Frida Kahlo
TEST_07428,Andy Warhol
TEST_07429,Peter Paul Rubens
TEST_07430,Rembrandt
TEST_07431,Vincent van Gogh
TEST_07432,Vincent van Gogh
TEST_07433,Kazimir Malevich
TEST_07434,Rembrandt
TEST_07435,Diego Rivera
TEST_07436,William Turner
TEST_07437,Gustav Klimt
TEST_07438,Jan van Eyck
TEST_07439,Jan van Eyck
TEST_07440,Vincent van Gogh
TEST_07441,Leonardo da Vinci
TEST_07442,Vincent van Gogh
TEST_07443,Salvador Dali
TEST_07444,El Greco
TEST_07445,Leonardo da Vinci
TEST_07446,Marc Chagall
TEST_07447,Rembrandt
TEST_07448,Vincent van Gogh
TEST_07449,Francisco Goya
TEST_07450,Jackson Pollock
TEST_07451,Pieter Bruegel
TEST_07452,Camille Pissarro
TEST_07453,Albrecht Du rer
TEST_07454,Georges Seurat
TEST_07455,Gustav Klimt
TEST_07456,Francisco Goya
TEST_07457,Leonardo da Vinci
TEST_07458,Rene Magritte
TEST_07459,Albrecht Du rer
TEST_07460,Titian
TEST_07461,Sandro Botticelli
TEST_07462,Francisco Goya
TEST_07463,Francisco Goya
TEST_07464,Amedeo Modigliani
TEST_07465,Vincent van Gogh
TEST_07466,Jan van Eyck
TEST_07467,Kazimir Malevich
TEST_07468,Francisco Goya
TEST_07469,Peter Paul Rubens
TEST_07470,Francisco Goya
TEST_07471,Vincent van Gogh
TEST_07472,Albrecht Du rer
TEST_07473,Vincent van Gogh
TEST_07474,Francisco Goya
TEST_07475,Edgar Degas
TEST_07476,Kazimir Malevich
TEST_07477,Gustav Klimt
TEST_07478,Albrecht Du rer
TEST_07479,Kazimir Malevich
TEST_07480,Diego Rivera
TEST_07481,Kazimir Malevich
TEST_07482,Gustav Klimt
TEST_07483,Jan van Eyck
TEST_07484,Camille Pissarro
TEST_07485,Salvador Dali
TEST_07486,Camille Pissarro
TEST_07487,Francisco Goya
TEST_07488,Georges Seurat
TEST_07489,Kazimir Malevich
TEST_07490,Rembrandt
TEST_07491,Diego Rivera
TEST_07492,Leonardo da Vinci
TEST_07493,Peter Paul Rubens
TEST_07494,Jan van Eyck
TEST_07495,Albrecht Du rer
TEST_07496,Leonardo da Vinci
TEST_07497,Rene Magritte
TEST_07498,Sandro Botticelli
TEST_07499,Francisco Goya
TEST_07500,Peter Paul Rubens
TEST_07501,William Turner
TEST_07502,Giotto di Bondone
TEST_07503,El Greco
TEST_07504,Rene Magritte
TEST_07505,Alfred Sisley
TEST_07506,Pieter Bruegel
TEST_07507,Vincent van Gogh
TEST_07508,El Greco
TEST_07509,Albrecht Du rer
TEST_07510,Paul Klee
TEST_07511,Amedeo Modigliani
TEST_07512,Salvador Dali
TEST_07513,Francisco Goya
TEST_07514,Paul Gauguin
TEST_07515,Jackson Pollock
TEST_07516,Leonardo da Vinci
TEST_07517,Gustav Klimt
TEST_07518,Leonardo da Vinci
TEST_07519,Leonardo da Vinci
TEST_07520,Vincent van Gogh
TEST_07521,Titian
TEST_07522,Pieter Bruegel
TEST_07523,Amedeo Modigliani
TEST_07524,Leonardo da Vinci
TEST_07525,Andy Warhol
TEST_07526,William Turner
TEST_07527,Caravaggio
TEST_07528,Jan van Eyck
TEST_07529,Frida Kahlo
TEST_07530,Leonardo da Vinci
TEST_07531,Pieter Bruegel
TEST_07532,Leonardo da Vinci
TEST_07533,Vincent van Gogh
TEST_07534,Francisco Goya
TEST_07535,Titian
TEST_07536,Rene Magritte
TEST_07537,Rene Magritte
TEST_07538,Gustav Klimt
TEST_07539,Paul Gauguin
TEST_07540,Paul Klee
TEST_07541,Paul Gauguin
TEST_07542,Marc Chagall
TEST_07543,Piet Mondrian
TEST_07544,Jan van Eyck
TEST_07545,William Turner
TEST_07546,Albrecht Du rer
TEST_07547,Vincent van Gogh
TEST_07548,Hieronymus Bosch
TEST_07549,Alfred Sisley
TEST_07550,Hieronymus Bosch
TEST_07551,Camille Pissarro
TEST_07552,El Greco
TEST_07553,Leonardo da Vinci
TEST_07554,Titian
TEST_07555,Paul Klee
TEST_07556,Rene Magritte
TEST_07557,Peter Paul Rubens
TEST_07558,Alfred Sisley
TEST_07559,Rembrandt
TEST_07560,Leonardo da Vinci
TEST_07561,Pierre-Auguste Renoir
TEST_07562,Pierre-Auguste Renoir
TEST_07563,Vincent van Gogh
TEST_07564,Camille Pissarro
TEST_07565,Sandro Botticelli
TEST_07566,Kazimir Malevich
TEST_07567,Camille Pissarro
TEST_07568,Piet Mondrian
TEST_07569,Vincent van Gogh
TEST_07570,Paul Klee
TEST_07571,Diego Rivera
TEST_07572,Andrei Rublev
TEST_07573,Pierre-Auguste Renoir
TEST_07574,Vincent van Gogh
TEST_07575,Frida Kahlo
TEST_07576,Mikhail Vrubel
TEST_07577,Albrecht Du rer
TEST_07578,Piet Mondrian
TEST_07579,Sandro Botticelli
TEST_07580,Piet Mondrian
TEST_07581,Camille Pissarro
TEST_07582,Gustav Klimt
TEST_07583,El Greco
TEST_07584,Georges Seurat
TEST_07585,Giotto di Bondone
TEST_07586,William Turner
TEST_07587,Frida Kahlo
TEST_07588,Peter Paul Rubens
TEST_07589,Vincent van Gogh
TEST_07590,Kazimir Malevich
TEST_07591,Gustav Klimt
TEST_07592,Giotto di Bondone
TEST_07593,Gustav Klimt
TEST_07594,Sandro Botticelli
TEST_07595,Rembrandt
TEST_07596,Vincent van Gogh
TEST_07597,Pierre-Auguste Renoir
TEST_07598,Caravaggio
TEST_07599,Paul Klee
TEST_07600,Sandro Botticelli
TEST_07601,Jan van Eyck
TEST_07602,Albrecht Du rer
TEST_07603,Paul Klee
TEST_07604,Edgar Degas
TEST_07605,Albrecht Du rer
TEST_07606,Piet Mondrian
TEST_07607,Leonardo da Vinci
TEST_07608,Georges Seurat
TEST_07609,Albrecht Du rer
TEST_07610,Vincent van Gogh
TEST_07611,Hieronymus Bosch
TEST_07612,Paul Gauguin
TEST_07613,Francisco Goya
TEST_07614,Francisco Goya
TEST_07615,Pierre-Auguste Renoir
TEST_07616,Piet Mondrian
TEST_07617,Pieter Bruegel
TEST_07618,Pieter Bruegel
TEST_07619,Gustav Klimt
TEST_07620,Sandro Botticelli
TEST_07621,Frida Kahlo
TEST_07622,Jan van Eyck
TEST_07623,Paul Gauguin
TEST_07624,Diego Rivera
TEST_07625,Andy Warhol
TEST_07626,Giotto di Bondone
TEST_07627,Paul Klee
TEST_07628,Albrecht Du rer
TEST_07629,Rembrandt
TEST_07630,Diego Rivera
TEST_07631,Leonardo da Vinci
TEST_07632,Jackson Pollock
TEST_07633,Alfred Sisley
TEST_07634,Pieter Bruegel
TEST_07635,Kazimir Malevich
TEST_07636,Frida Kahlo
TEST_07637,Marc Chagall
TEST_07638,Pieter Bruegel
TEST_07639,Rene Magritte
TEST_07640,Diego Rivera
TEST_07641,Francisco Goya
TEST_07642,Pierre-Auguste Renoir
TEST_07643,Paul Klee
TEST_07644,Vincent van Gogh
TEST_07645,Jan van Eyck
TEST_07646,Peter Paul Rubens
TEST_07647,El Greco
TEST_07648,Pieter Bruegel
TEST_07649,Salvador Dali
TEST_07650,Leonardo da Vinci
TEST_07651,Kazimir Malevich
TEST_07652,Peter Paul Rubens
TEST_07653,Andrei Rublev
TEST_07654,William Turner
TEST_07655,Peter Paul Rubens
TEST_07656,El Greco
TEST_07657,Pieter Bruegel
TEST_07658,Jan van Eyck
TEST_07659,Pieter Bruegel
TEST_07660,Leonardo da Vinci
TEST_07661,Andy Warhol
TEST_07662,Gustav Klimt
TEST_07663,Jan van Eyck
TEST_07664,Rembrandt
TEST_07665,Pablo Picasso
TEST_07666,Albrecht Du rer
TEST_07667,Pierre-Auguste Renoir
TEST_07668,Pierre-Auguste Renoir
TEST_07669,Leonardo da Vinci
TEST_07670,Leonardo da Vinci
TEST_07671,El Greco
TEST_07672,Pierre-Auguste Renoir
TEST_07673,Paul Gauguin
TEST_07674,Marc Chagall
TEST_07675,Peter Paul Rubens
TEST_07676,Leonardo da Vinci
TEST_07677,Giotto di Bondone
TEST_07678,Paul Klee
TEST_07679,Jan van Eyck
TEST_07680,Vincent van Gogh
TEST_07681,Albrecht Du rer
TEST_07682,Albrecht Du rer
TEST_07683,Mikhail Vrubel
TEST_07684,Paul Gauguin
TEST_07685,Francisco Goya
TEST_07686,Leonardo da Vinci
TEST_07687,Paul Gauguin
TEST_07688,Pierre-Auguste Renoir
TEST_07689,Giotto di Bondone
TEST_07690,Albrecht Du rer
TEST_07691,Francisco Goya
TEST_07692,Pieter Bruegel
TEST_07693,Jan van Eyck
TEST_07694,Rembrandt
TEST_07695,Paul Gauguin
TEST_07696,Piet Mondrian
TEST_07697,Sandro Botticelli
TEST_07698,Pieter Bruegel
TEST_07699,Leonardo da Vinci
TEST_07700,Vincent van Gogh
TEST_07701,Leonardo da Vinci
TEST_07702,Vincent van Gogh
TEST_07703,Albrecht Du rer
TEST_07704,Piet Mondrian
TEST_07705,Paul Klee
TEST_07706,Jan van Eyck
TEST_07707,Albrecht Du rer
TEST_07708,Jackson Pollock
TEST_07709,Vincent van Gogh
TEST_07710,Vincent van Gogh
TEST_07711,Gustav Klimt
TEST_07712,Raphael
TEST_07713,Paul Gauguin
TEST_07714,Albrecht Du rer
TEST_07715,Edvard Munch
TEST_07716,Pierre-Auguste Renoir
TEST_07717,Gustav Klimt
TEST_07718,Leonardo da Vinci
TEST_07719,Rembrandt
TEST_07720,Francisco Goya
TEST_07721,Peter Paul Rubens
TEST_07722,Leonardo da Vinci
TEST_07723,Pierre-Auguste Renoir
TEST_07724,Kazimir Malevich
TEST_07725,Andy Warhol
TEST_07726,Albrecht Du rer
TEST_07727,Rembrandt
TEST_07728,Pablo Picasso
TEST_07729,Mikhail Vrubel
TEST_07730,Albrecht Du rer
TEST_07731,Albrecht Du rer
TEST_07732,Pierre-Auguste Renoir
TEST_07733,Andrei Rublev
TEST_07734,Andy Warhol
TEST_07735,Marc Chagall
TEST_07736,Leonardo da Vinci
TEST_07737,Jan van Eyck
TEST_07738,Leonardo da Vinci
TEST_07739,Gustav Klimt
TEST_07740,Leonardo da Vinci
TEST_07741,Frida Kahlo
TEST_07742,Francisco Goya
TEST_07743,Francisco Goya
TEST_07744,Caravaggio
TEST_07745,Piet Mondrian
TEST_07746,Titian
TEST_07747,Mikhail Vrubel
TEST_07748,Jackson Pollock
TEST_07749,Paul Klee
TEST_07750,Albrecht Du rer
TEST_07751,Vincent van Gogh
TEST_07752,Kazimir Malevich
TEST_07753,Alfred Sisley
TEST_07754,Paul Gauguin
TEST_07755,Salvador Dali
TEST_07756,Alfred Sisley
TEST_07757,Pieter Bruegel
TEST_07758,Pieter Bruegel
TEST_07759,Titian
TEST_07760,Amedeo Modigliani
TEST_07761,Mikhail Vrubel
TEST_07762,Vincent van Gogh
TEST_07763,Paul Gauguin
TEST_07764,El Greco
TEST_07765,Leonardo da Vinci
TEST_07766,Jan van Eyck
TEST_07767,Paul Klee
TEST_07768,William Turner
TEST_07769,Albrecht Du rer
TEST_07770,Rembrandt
TEST_07771,Sandro Botticelli
TEST_07772,William Turner
TEST_07773,Sandro Botticelli
TEST_07774,Pablo Picasso
TEST_07775,Jan van Eyck
TEST_07776,Francisco Goya
TEST_07777,El Greco
TEST_07778,Mikhail Vrubel
TEST_07779,Sandro Botticelli
TEST_07780,Andy Warhol
TEST_07781,Andy Warhol
TEST_07782,Albrecht Du rer
TEST_07783,Leonardo da Vinci
TEST_07784,Gustav Klimt
TEST_07785,Salvador Dali
TEST_07786,Jan van Eyck
TEST_07787,Vincent van Gogh
TEST_07788,El Greco
TEST_07789,Peter Paul Rubens
TEST_07790,Leonardo da Vinci
TEST_07791,Diego Rivera
TEST_07792,El Greco
TEST_07793,Gustav Klimt
TEST_07794,Albrecht Du rer
TEST_07795,El Greco
TEST_07796,Leonardo da Vinci
TEST_07797,William Turner
TEST_07798,Pieter Bruegel
TEST_07799,Caravaggio
TEST_07800,Andy Warhol
TEST_07801,Rembrandt
TEST_07802,Gustav Klimt
TEST_07803,Giotto di Bondone
TEST_07804,Peter Paul Rubens
TEST_07805,Andrei Rublev
TEST_07806,Peter Paul Rubens
TEST_07807,Kazimir Malevich
TEST_07808,Paul Gauguin
TEST_07809,William Turner
TEST_07810,Mikhail Vrubel
TEST_07811,Pierre-Auguste Renoir
TEST_07812,Peter Paul Rubens
TEST_07813,Amedeo Modigliani
TEST_07814,Andy Warhol
TEST_07815,Paul Klee
TEST_07816,Vincent van Gogh
TEST_07817,Pierre-Auguste Renoir
TEST_07818,Francisco Goya
TEST_07819,Jan van Eyck
TEST_07820,Francisco Goya
TEST_07821,Vincent van Gogh
TEST_07822,Pierre-Auguste Renoir
TEST_07823,Peter Paul Rubens
TEST_07824,Leonardo da Vinci
TEST_07825,Frida Kahlo
TEST_07826,Leonardo da Vinci
TEST_07827,Pieter Bruegel
TEST_07828,Leonardo da Vinci
TEST_07829,Pieter Bruegel
TEST_07830,Vincent van Gogh
TEST_07831,Alfred Sisley
TEST_07832,Salvador Dali
TEST_07833,Pierre-Auguste Renoir
TEST_07834,Caravaggio
TEST_07835,Pablo Picasso
TEST_07836,Francisco Goya
TEST_07837,Jan van Eyck
TEST_07838,Pierre-Auguste Renoir
TEST_07839,Paul Klee
TEST_07840,Leonardo da Vinci
TEST_07841,Francisco Goya
TEST_07842,Paul Gauguin
TEST_07843,Rembrandt
TEST_07844,Vincent van Gogh
TEST_07845,Andrei Rublev
TEST_07846,Albrecht Du rer
TEST_07847,Vincent van Gogh
TEST_07848,Pieter Bruegel
TEST_07849,Albrecht Du rer
TEST_07850,El Greco
TEST_07851,Francisco Goya
TEST_07852,Henri Matisse
TEST_07853,Pieter Bruegel
TEST_07854,Titian
TEST_07855,Georges Seurat
TEST_07856,Mikhail Vrubel
TEST_07857,El Greco
TEST_07858,Pieter Bruegel
TEST_07859,Kazimir Malevich
TEST_07860,Albrecht Du rer
TEST_07861,Vasiliy Kandinskiy
TEST_07862,Joan Miro
TEST_07863,Francisco Goya
TEST_07864,Leonardo da Vinci
TEST_07865,Leonardo da Vinci
TEST_07866,Pieter Bruegel
TEST_07867,Albrecht Du rer
TEST_07868,Pierre-Auguste Renoir
TEST_07869,Paul Gauguin
TEST_07870,William Turner
TEST_07871,Vincent van Gogh
TEST_07872,Francisco Goya
TEST_07873,Alfred Sisley
TEST_07874,Rembrandt
TEST_07875,Francisco Goya
TEST_07876,El Greco
TEST_07877,Sandro Botticelli
TEST_07878,Paul Gauguin
TEST_07879,Albrecht Du rer
TEST_07880,Michelangelo
TEST_07881,Camille Pissarro
TEST_07882,Albrecht Du rer
TEST_07883,Francisco Goya
TEST_07884,Henri Matisse
TEST_07885,Caravaggio
TEST_07886,Piet Mondrian
TEST_07887,Pierre-Auguste Renoir
TEST_07888,Jan van Eyck
TEST_07889,Jan van Eyck
TEST_07890,Jan van Eyck
TEST_07891,Andrei Rublev
TEST_07892,Paul Klee
TEST_07893,Paul Gauguin
TEST_07894,Kazimir Malevich
TEST_07895,Andrei Rublev
TEST_07896,Albrecht Du rer
TEST_07897,Leonardo da Vinci
TEST_07898,Leonardo da Vinci
TEST_07899,Pierre-Auguste Renoir
TEST_07900,Joan Miro
TEST_07901,Marc Chagall
TEST_07902,Albrecht Du rer
TEST_07903,Albrecht Du rer
TEST_07904,Gustav Klimt
TEST_07905,Paul Klee
TEST_07906,Claude Monet
TEST_07907,Albrecht Du rer
TEST_07908,William Turner
TEST_07909,Francisco Goya
TEST_07910,Leonardo da Vinci
TEST_07911,Andy Warhol
TEST_07912,Titian
TEST_07913,Vincent van Gogh
TEST_07914,Leonardo da Vinci
TEST_07915,Rembrandt
TEST_07916,Amedeo Modigliani
TEST_07917,Gustav Klimt
TEST_07918,Kazimir Malevich
TEST_07919,Vincent van Gogh
TEST_07920,Vincent van Gogh
TEST_07921,William Turner
TEST_07922,Georges Seurat
TEST_07923,Francisco Goya
TEST_07924,Kazimir Malevich
TEST_07925,Peter Paul Rubens
TEST_07926,Pablo Picasso
TEST_07927,Vincent van Gogh
TEST_07928,Andy Warhol
TEST_07929,Paul Gauguin
TEST_07930,Vincent van Gogh
TEST_07931,Marc Chagall
TEST_07932,Vincent van Gogh
TEST_07933,Salvador Dali
TEST_07934,Jan van Eyck
TEST_07935,Sandro Botticelli
TEST_07936,Albrecht Du rer
TEST_07937,Rembrandt
TEST_07938,Vincent van Gogh
TEST_07939,El Greco
TEST_07940,Piet Mondrian
TEST_07941,Titian
TEST_07942,Paul Klee
TEST_07943,Jan van Eyck
TEST_07944,Leonardo da Vinci
TEST_07945,Vincent van Gogh
TEST_07946,Leonardo da Vinci
TEST_07947,Vincent van Gogh
TEST_07948,Leonardo da Vinci
TEST_07949,Leonardo da Vinci
TEST_07950,Vincent van Gogh
TEST_07951,Pieter Bruegel
TEST_07952,Leonardo da Vinci
TEST_07953,Hieronymus Bosch
TEST_07954,Leonardo da Vinci
TEST_07955,Jan van Eyck
TEST_07956,Titian
TEST_07957,Georges Seurat
TEST_07958,Paul Gauguin
TEST_07959,Pierre-Auguste Renoir
TEST_07960,Vincent van Gogh
TEST_07961,Gustav Klimt
TEST_07962,Albrecht Du rer
TEST_07963,Jan van Eyck
TEST_07964,El Greco
TEST_07965,Pieter Bruegel
TEST_07966,Leonardo da Vinci
TEST_07967,Pierre-Auguste Renoir
TEST_07968,Leonardo da Vinci
TEST_07969,Paul Gauguin
TEST_07970,Leonardo da Vinci
TEST_07971,Leonardo da Vinci
TEST_07972,Leonardo da Vinci
TEST_07973,Francisco Goya
TEST_07974,Jan van Eyck
TEST_07975,Piet Mondrian
TEST_07976,Titian
TEST_07977,El Greco
TEST_07978,Leonardo da Vinci
TEST_07979,Leonardo da Vinci
TEST_07980,Albrecht Du rer
TEST_07981,Jan van Eyck
TEST_07982,Leonardo da Vinci
TEST_07983,Pieter Bruegel
TEST_07984,Jan van Eyck
TEST_07985,William Turner
TEST_07986,Georges Seurat
TEST_07987,Leonardo da Vinci
TEST_07988,Giotto di Bondone
TEST_07989,Vincent van Gogh
TEST_07990,Pablo Picasso
TEST_07991,Pierre-Auguste Renoir
TEST_07992,Vincent van Gogh
TEST_07993,Titian
TEST_07994,Andy Warhol
TEST_07995,Vincent van Gogh
TEST_07996,William Turner
TEST_07997,Albrecht Du rer
TEST_07998,Marc Chagall
TEST_07999,Albrecht Du rer
TEST_08000,Paul Gauguin
TEST_08001,Andy Warhol
TEST_08002,Alfred Sisley
TEST_08003,Kazimir Malevich
TEST_08004,Pieter Bruegel
TEST_08005,Diego Rivera
TEST_08006,Pierre-Auguste Renoir
TEST_08007,Sandro Botticelli
TEST_08008,Vincent van Gogh
TEST_08009,Albrecht Du rer
TEST_08010,Pierre-Auguste Renoir
TEST_08011,Paul Gauguin
TEST_08012,Georges Seurat
TEST_08013,Leonardo da Vinci
TEST_08014,Rembrandt
TEST_08015,Pieter Bruegel
TEST_08016,Rene Magritte
TEST_08017,Albrecht Du rer
TEST_08018,Jan van Eyck
TEST_08019,Alfred Sisley
TEST_08020,Jan van Eyck
TEST_08021,Rembrandt
TEST_08022,Gustav Klimt
TEST_08023,Paul Gauguin
TEST_08024,Marc Chagall
TEST_08025,Alfred Sisley
TEST_08026,Paul Gauguin
TEST_08027,Paul Gauguin
TEST_08028,Francisco Goya
TEST_08029,Vincent van Gogh
TEST_08030,Vincent van Gogh
TEST_08031,Pieter Bruegel
TEST_08032,Vincent van Gogh
TEST_08033,Raphael
TEST_08034,Salvador Dali
TEST_08035,William Turner
TEST_08036,Kazimir Malevich
TEST_08037,Caravaggio
TEST_08038,Leonardo da Vinci
TEST_08039,Leonardo da Vinci
TEST_08040,Gustav Klimt
TEST_08041,Paul Gauguin
TEST_08042,Leonardo da Vinci
TEST_08043,Giotto di Bondone
TEST_08044,Claude Monet
TEST_08045,Paul Gauguin
TEST_08046,Pierre-Auguste Renoir
TEST_08047,Mikhail Vrubel
TEST_08048,Gustav Klimt
TEST_08049,Raphael
TEST_08050,Edgar Degas
TEST_08051,Caravaggio
TEST_08052,Andrei Rublev
TEST_08053,Gustav Klimt
TEST_08054,Rene Magritte
TEST_08055,Camille Pissarro
TEST_08056,Pierre-Auguste Renoir
TEST_08057,Pierre-Auguste Renoir
TEST_08058,William Turner
TEST_08059,Alfred Sisley
TEST_08060,Vincent van Gogh
TEST_08061,Amedeo Modigliani
TEST_08062,Leonardo da Vinci
TEST_08063,Vincent van Gogh
TEST_08064,Alfred Sisley
TEST_08065,Gustav Klimt
TEST_08066,Leonardo da Vinci
TEST_08067,Diego Velazquez
TEST_08068,El Greco
TEST_08069,Mikhail Vrubel
TEST_08070,Leonardo da Vinci
TEST_08071,Pieter Bruegel
TEST_08072,Pieter Bruegel
TEST_08073,Pierre-Auguste Renoir
TEST_08074,Albrecht Du rer
TEST_08075,Paul Gauguin
TEST_08076,Albrecht Du rer
TEST_08077,Peter Paul Rubens
TEST_08078,Francisco Goya
TEST_08079,Marc Chagall
TEST_08080,Caravaggio
TEST_08081,Leonardo da Vinci
TEST_08082,Mikhail Vrubel
TEST_08083,El Greco
TEST_08084,Georges Seurat
TEST_08085,Francisco Goya
TEST_08086,Jackson Pollock
TEST_08087,Mikhail Vrubel
TEST_08088,Pieter Bruegel
TEST_08089,Marc Chagall
TEST_08090,Jan van Eyck
TEST_08091,Edgar Degas
TEST_08092,Titian
TEST_08093,Mikhail Vrubel
TEST_08094,Alfred Sisley
TEST_08095,Leonardo da Vinci
TEST_08096,Paul Gauguin
TEST_08097,Kazimir Malevich
TEST_08098,Pablo Picasso
TEST_08099,Paul Gauguin
TEST_08100,Andrei Rublev
TEST_08101,Leonardo da Vinci
TEST_08102,Albrecht Du rer
TEST_08103,Francisco Goya
TEST_08104,Leonardo da Vinci
TEST_08105,Vincent van Gogh
TEST_08106,Leonardo da Vinci
TEST_08107,Vincent van Gogh
TEST_08108,Andy Warhol
TEST_08109,Gustav Klimt
TEST_08110,Albrecht Du rer
TEST_08111,Marc Chagall
TEST_08112,Pieter Bruegel
TEST_08113,El Greco
TEST_08114,Albrecht Du rer
TEST_08115,Francisco Goya
TEST_08116,Titian
TEST_08117,Pierre-Auguste Renoir
TEST_08118,Albrecht Du rer
TEST_08119,Albrecht Du rer
TEST_08120,Andy Warhol
TEST_08121,Albrecht Du rer
TEST_08122,Piet Mondrian
TEST_08123,Pieter Bruegel
TEST_08124,Pieter Bruegel
TEST_08125,Rene Magritte
TEST_08126,Jan van Eyck
TEST_08127,Andrei Rublev
TEST_08128,Francisco Goya
TEST_08129,Andy Warhol
TEST_08130,Albrecht Du rer
TEST_08131,Pieter Bruegel
TEST_08132,Vincent van Gogh
TEST_08133,Francisco Goya
TEST_08134,Paul Klee
TEST_08135,Albrecht Du rer
TEST_08136,Pieter Bruegel
TEST_08137,Rene Magritte
TEST_08138,Albrecht Du rer
TEST_08139,Alfred Sisley
TEST_08140,Sandro Botticelli
TEST_08141,Pieter Bruegel
TEST_08142,Piet Mondrian
TEST_08143,Georges Seurat
TEST_08144,Gustav Klimt
TEST_08145,Gustav Klimt
TEST_08146,Pierre-Auguste Renoir
TEST_08147,El Greco
TEST_08148,Pieter Bruegel
TEST_08149,Mikhail Vrubel
TEST_08150,Leonardo da Vinci
TEST_08151,Kazimir Malevich
TEST_08152,Alfred Sisley
TEST_08153,Rene Magritte
TEST_08154,Albrecht Du rer
TEST_08155,Albrecht Du rer
TEST_08156,Mikhail Vrubel
TEST_08157,Vincent van Gogh
TEST_08158,Jan van Eyck
TEST_08159,Leonardo da Vinci
TEST_08160,Jan van Eyck
TEST_08161,William Turner
TEST_08162,Pierre-Auguste Renoir
TEST_08163,Pablo Picasso
TEST_08164,Frida Kahlo
TEST_08165,Amedeo Modigliani
TEST_08166,Sandro Botticelli
TEST_08167,El Greco
TEST_08168,Paul Gauguin
TEST_08169,Leonardo da Vinci
TEST_08170,Pierre-Auguste Renoir
TEST_08171,Andrei Rublev
TEST_08172,Leonardo da Vinci
TEST_08173,Andrei Rublev
TEST_08174,Kazimir Malevich
TEST_08175,Francisco Goya
TEST_08176,Andrei Rublev
TEST_08177,Paul Klee
TEST_08178,Frida Kahlo
TEST_08179,Leonardo da Vinci
TEST_08180,Kazimir Malevich
TEST_08181,Mikhail Vrubel
TEST_08182,Kazimir Malevich
TEST_08183,El Greco
TEST_08184,Edvard Munch
TEST_08185,William Turner
TEST_08186,Albrecht Du rer
TEST_08187,Albrecht Du rer
TEST_08188,Pieter Bruegel
TEST_08189,Sandro Botticelli
TEST_08190,Salvador Dali
TEST_08191,Frida Kahlo
TEST_08192,Rene Magritte
TEST_08193,Pieter Bruegel
TEST_08194,Peter Paul Rubens
TEST_08195,Leonardo da Vinci
TEST_08196,El Greco
TEST_08197,Leonardo da Vinci
TEST_08198,Paul Gauguin
TEST_08199,Paul Klee
TEST_08200,Vincent van Gogh
TEST_08201,Francisco Goya
TEST_08202,Peter Paul Rubens
TEST_08203,Andy Warhol
TEST_08204,Giotto di Bondone
TEST_08205,Andy Warhol
TEST_08206,Pieter Bruegel
TEST_08207,Gustav Klimt
TEST_08208,Leonardo da Vinci
TEST_08209,Albrecht Du rer
TEST_08210,William Turner
TEST_08211,Mikhail Vrubel
TEST_08212,El Greco
TEST_08213,Marc Chagall
TEST_08214,Paul Klee
TEST_08215,Pieter Bruegel
TEST_08216,Leonardo da Vinci
TEST_08217,Albrecht Du rer
TEST_08218,Vincent van Gogh
TEST_08219,Pieter Bruegel
TEST_08220,Claude Monet
TEST_08221,Pieter Bruegel
TEST_08222,Rene Magritte
TEST_08223,Pieter Bruegel
TEST_08224,Alfred Sisley
TEST_08225,Pieter Bruegel
TEST_08226,Paul Klee
TEST_08227,Francisco Goya
TEST_08228,Alfred Sisley
TEST_08229,Pierre-Auguste Renoir
TEST_08230,Pieter Bruegel
TEST_08231,Gustav Klimt
TEST_08232,Marc Chagall
TEST_08233,Jan van Eyck
TEST_08234,Peter Paul Rubens
TEST_08235,Vincent van Gogh
TEST_08236,William Turner
TEST_08237,Pablo Picasso
TEST_08238,Diego Rivera
TEST_08239,El Greco
TEST_08240,Peter Paul Rubens
TEST_08241,Michelangelo
TEST_08242,Leonardo da Vinci
TEST_08243,Camille Pissarro
TEST_08244,Francisco Goya
TEST_08245,Gustav Klimt
TEST_08246,Andy Warhol
TEST_08247,Albrecht Du rer
TEST_08248,Pieter Bruegel
TEST_08249,Georges Seurat
TEST_08250,Raphael
TEST_08251,Rembrandt
TEST_08252,Diego Rivera
TEST_08253,Georges Seurat
TEST_08254,Gustav Klimt
TEST_08255,Mikhail Vrubel
TEST_08256,Pierre-Auguste Renoir
TEST_08257,Albrecht Du rer
TEST_08258,Francisco Goya
TEST_08259,Vincent van Gogh
TEST_08260,Rene Magritte
TEST_08261,Marc Chagall
TEST_08262,Francisco Goya
TEST_08263,Gustav Klimt
TEST_08264,Pierre-Auguste Renoir
TEST_08265,Camille Pissarro
TEST_08266,Rene Magritte
TEST_08267,Diego Rivera
TEST_08268,Leonardo da Vinci
TEST_08269,Leonardo da Vinci
TEST_08270,William Turner
TEST_08271,Jan van Eyck
TEST_08272,Albrecht Du rer
TEST_08273,Titian
TEST_08274,Andy Warhol
TEST_08275,El Greco
TEST_08276,Leonardo da Vinci
TEST_08277,Francisco Goya
TEST_08278,Pierre-Auguste Renoir
TEST_08279,Alfred Sisley
TEST_08280,Pierre-Auguste Renoir
TEST_08281,Francisco Goya
TEST_08282,Pierre-Auguste Renoir
TEST_08283,Jackson Pollock
TEST_08284,Edgar Degas
TEST_08285,Pierre-Auguste Renoir
TEST_08286,Pierre-Auguste Renoir
TEST_08287,Rene Magritte
TEST_08288,Claude Monet
TEST_08289,Andy Warhol
TEST_08290,Paul Klee
TEST_08291,Paul Gauguin
TEST_08292,Albrecht Du rer
TEST_08293,Paul Klee
TEST_08294,Marc Chagall
TEST_08295,Francisco Goya
TEST_08296,Hieronymus Bosch
TEST_08297,Pierre-Auguste Renoir
TEST_08298,El Greco
TEST_08299,Leonardo da Vinci
TEST_08300,Joan Miro
TEST_08301,Albrecht Du rer
TEST_08302,Vincent van Gogh
TEST_08303,Vincent van Gogh
TEST_08304,Leonardo da Vinci
TEST_08305,Peter Paul Rubens
TEST_08306,Vasiliy Kandinskiy
TEST_08307,Pieter Bruegel
TEST_08308,Vincent van Gogh
TEST_08309,Vincent van Gogh
TEST_08310,Andy Warhol
TEST_08311,Leonardo da Vinci
TEST_08312,Sandro Botticelli
TEST_08313,Leonardo da Vinci
TEST_08314,Rene Magritte
TEST_08315,Giotto di Bondone
TEST_08316,Rene Magritte
TEST_08317,Titian
TEST_08318,Vincent van Gogh
TEST_08319,Jan van Eyck
TEST_08320,Vincent van Gogh
TEST_08321,Peter Paul Rubens
TEST_08322,Diego Rivera
TEST_08323,Gustav Klimt
TEST_08324,Caravaggio
TEST_08325,Leonardo da Vinci
TEST_08326,Alfred Sisley
TEST_08327,William Turner
TEST_08328,William Turner
TEST_08329,Camille Pissarro
TEST_08330,Albrecht Du rer
TEST_08331,Alfred Sisley
TEST_08332,Rene Magritte
TEST_08333,Paul Gauguin
TEST_08334,Pierre-Auguste Renoir
TEST_08335,Claude Monet
TEST_08336,Jackson Pollock
TEST_08337,Pieter Bruegel
TEST_08338,Salvador Dali
TEST_08339,Francisco Goya
TEST_08340,Caravaggio
TEST_08341,Rembrandt
TEST_08342,Giotto di Bondone
TEST_08343,Jackson Pollock
TEST_08344,Francisco Goya
TEST_08345,Diego Rivera
TEST_08346,Leonardo da Vinci
TEST_08347,Albrecht Du rer
TEST_08348,Albrecht Du rer
TEST_08349,Pieter Bruegel
TEST_08350,William Turner
TEST_08351,Piet Mondrian
TEST_08352,Vincent van Gogh
TEST_08353,El Greco
TEST_08354,Andy Warhol
TEST_08355,Jan van Eyck
TEST_08356,Gustav Klimt
TEST_08357,Leonardo da Vinci
TEST_08358,Gustav Klimt
TEST_08359,Piet Mondrian
TEST_08360,Paul Klee
TEST_08361,Jan van Eyck
TEST_08362,Leonardo da Vinci
TEST_08363,Jan van Eyck
TEST_08364,Alfred Sisley
TEST_08365,Pieter Bruegel
TEST_08366,Rembrandt
TEST_08367,Leonardo da Vinci
TEST_08368,Jan van Eyck
TEST_08369,Jan van Eyck
TEST_08370,Pieter Bruegel
TEST_08371,Peter Paul Rubens
TEST_08372,Jan van Eyck
TEST_08373,Alfred Sisley
TEST_08374,Leonardo da Vinci
TEST_08375,Rene Magritte
TEST_08376,Mikhail Vrubel
TEST_08377,El Greco
TEST_08378,Francisco Goya
TEST_08379,Gustav Klimt
TEST_08380,Camille Pissarro
TEST_08381,Vincent van Gogh
TEST_08382,Peter Paul Rubens
TEST_08383,Paul Gauguin
TEST_08384,William Turner
TEST_08385,Sandro Botticelli
TEST_08386,Gustav Klimt
TEST_08387,Leonardo da Vinci
TEST_08388,Pablo Picasso
TEST_08389,Leonardo da Vinci
TEST_08390,Jackson Pollock
TEST_08391,Albrecht Du rer
TEST_08392,Leonardo da Vinci
TEST_08393,Alfred Sisley
TEST_08394,Salvador Dali
TEST_08395,Vincent van Gogh
TEST_08396,Leonardo da Vinci
TEST_08397,Pierre-Auguste Renoir
TEST_08398,Diego Rivera
TEST_08399,Giotto di Bondone
TEST_08400,Hieronymus Bosch
TEST_08401,Albrecht Du rer
TEST_08402,Pieter Bruegel
TEST_08403,Francisco Goya
TEST_08404,Albrecht Du rer
TEST_08405,Paul Klee
TEST_08406,Paul Klee
TEST_08407,Titian
TEST_08408,Gustav Klimt
TEST_08409,Leonardo da Vinci
TEST_08410,Pieter Bruegel
TEST_08411,Paul Gauguin
TEST_08412,Titian
TEST_08413,Pieter Bruegel
TEST_08414,Leonardo da Vinci
TEST_08415,Francisco Goya
TEST_08416,Francisco Goya
TEST_08417,Leonardo da Vinci
TEST_08418,Titian
TEST_08419,Vincent van Gogh
TEST_08420,Pierre-Auguste Renoir
TEST_08421,Albrecht Du rer
TEST_08422,Vincent van Gogh
TEST_08423,Henri de Toulouse-Lautrec
TEST_08424,Pieter Bruegel
TEST_08425,Rene Magritte
TEST_08426,Albrecht Du rer
TEST_08427,Francisco Goya
TEST_08428,Caravaggio
TEST_08429,Rene Magritte
TEST_08430,Peter Paul Rubens
TEST_08431,Pierre-Auguste Renoir
TEST_08432,Gustav Klimt
TEST_08433,Rene Magritte
TEST_08434,Albrecht Du rer
TEST_08435,Mikhail Vrubel
TEST_08436,Pieter Bruegel
TEST_08437,Caravaggio
TEST_08438,Giotto di Bondone
TEST_08439,Albrecht Du rer
TEST_08440,Pierre-Auguste Renoir
TEST_08441,Rembrandt
TEST_08442,Pierre-Auguste Renoir
TEST_08443,Pablo Picasso
TEST_08444,Jan van Eyck
TEST_08445,Peter Paul Rubens
TEST_08446,Leonardo da Vinci
TEST_08447,Jan van Eyck
TEST_08448,Alfred Sisley
TEST_08449,Francisco Goya
TEST_08450,Andy Warhol
TEST_08451,Eugene Delacroix
TEST_08452,Vincent van Gogh
TEST_08453,Diego Rivera
TEST_08454,Andy Warhol
TEST_08455,Albrecht Du rer
TEST_08456,Leonardo da Vinci
TEST_08457,Leonardo da Vinci
TEST_08458,Rembrandt
TEST_08459,Pieter Bruegel
TEST_08460,Pieter Bruegel
TEST_08461,Edgar Degas
TEST_08462,Georges Seurat
TEST_08463,Marc Chagall
TEST_08464,Jan van Eyck
TEST_08465,Jan van Eyck
TEST_08466,Pieter Bruegel
TEST_08467,Francisco Goya
TEST_08468,Andrei Rublev
TEST_08469,Vincent van Gogh
TEST_08470,Peter Paul Rubens
TEST_08471,Leonardo da Vinci
TEST_08472,William Turner
TEST_08473,Pablo Picasso
TEST_08474,Diego Rivera
TEST_08475,Paul Klee
TEST_08476,Jackson Pollock
TEST_08477,Gustav Klimt
TEST_08478,Jan van Eyck
TEST_08479,Vincent van Gogh
TEST_08480,Francisco Goya
TEST_08481,Leonardo da Vinci
TEST_08482,Jan van Eyck
TEST_08483,Pieter Bruegel
TEST_08484,Francisco Goya
TEST_08485,Piet Mondrian
TEST_08486,Albrecht Du rer
TEST_08487,Pablo Picasso
TEST_08488,Jan van Eyck
TEST_08489,Leonardo da Vinci
TEST_08490,Titian
TEST_08491,Andy Warhol
TEST_08492,Paul Klee
TEST_08493,Diego Rivera
TEST_08494,Francisco Goya
TEST_08495,Paul Gauguin
TEST_08496,Rembrandt
TEST_08497,Diego Rivera
TEST_08498,Paul Klee
TEST_08499,Jan van Eyck
TEST_08500,Pieter Bruegel
TEST_08501,Albrecht Du rer
TEST_08502,Pieter Bruegel
TEST_08503,Andrei Rublev
TEST_08504,Kazimir Malevich
TEST_08505,Albrecht Du rer
TEST_08506,Paul Klee
TEST_08507,Marc Chagall
TEST_08508,Vincent van Gogh
TEST_08509,Paul Gauguin
TEST_08510,Leonardo da Vinci
TEST_08511,Albrecht Du rer
TEST_08512,Pierre-Auguste Renoir
TEST_08513,Rembrandt
TEST_08514,Piet Mondrian
TEST_08515,Pablo Picasso
TEST_08516,Vincent van Gogh
TEST_08517,Giotto di Bondone
TEST_08518,Pierre-Auguste Renoir
TEST_08519,Albrecht Du rer
TEST_08520,Francisco Goya
TEST_08521,Kazimir Malevich
TEST_08522,Claude Monet
TEST_08523,El Greco
TEST_08524,Rembrandt
TEST_08525,Pierre-Auguste Renoir
TEST_08526,Pieter Bruegel
TEST_08527,Pieter Bruegel
TEST_08528,Jan van Eyck
TEST_08529,Camille Pissarro
TEST_08530,Peter Paul Rubens
TEST_08531,Pieter Bruegel
TEST_08532,Rembrandt
TEST_08533,Albrecht Du rer
TEST_08534,Francisco Goya
TEST_08535,Paul Klee
TEST_08536,Sandro Botticelli
TEST_08537,Salvador Dali
TEST_08538,Andrei Rublev
TEST_08539,Vincent van Gogh
TEST_08540,Peter Paul Rubens
TEST_08541,Pierre-Auguste Renoir
TEST_08542,Pieter Bruegel
TEST_08543,Vincent van Gogh
TEST_08544,Jackson Pollock
TEST_08545,El Greco
TEST_08546,Jan van Eyck
TEST_08547,William Turner
TEST_08548,Kazimir Malevich
TEST_08549,Amedeo Modigliani
TEST_08550,Albrecht Du rer
TEST_08551,Frida Kahlo
TEST_08552,Pieter Bruegel
TEST_08553,Vincent van Gogh
TEST_08554,Leonardo da Vinci
TEST_08555,Albrecht Du rer
TEST_08556,Vincent van Gogh
TEST_08557,Paul Gauguin
TEST_08558,Pieter Bruegel
TEST_08559,Leonardo da Vinci
TEST_08560,Jan van Eyck
TEST_08561,Pablo Picasso
TEST_08562,Vincent van Gogh
TEST_08563,Vasiliy Kandinskiy
TEST_08564,Giotto di Bondone
TEST_08565,Leonardo da Vinci
TEST_08566,Pierre-Auguste Renoir
TEST_08567,Jackson Pollock
TEST_08568,Francisco Goya
TEST_08569,Marc Chagall
TEST_08570,Frida Kahlo
TEST_08571,Diego Rivera
TEST_08572,Vincent van Gogh
TEST_08573,Albrecht Du rer
TEST_08574,Albrecht Du rer
TEST_08575,Paul Klee
TEST_08576,Leonardo da Vinci
TEST_08577,Rene Magritte
TEST_08578,Pieter Bruegel
TEST_08579,Albrecht Du rer
TEST_08580,Albrecht Du rer
TEST_08581,Giotto di Bondone
TEST_08582,Albrecht Du rer
TEST_08583,Leonardo da Vinci
TEST_08584,Andy Warhol
TEST_08585,Vincent van Gogh
TEST_08586,Vincent van Gogh
TEST_08587,Albrecht Du rer
TEST_08588,Leonardo da Vinci
TEST_08589,Vincent van Gogh
TEST_08590,Albrecht Du rer
TEST_08591,Alfred Sisley
TEST_08592,Gustav Klimt
TEST_08593,Pablo Picasso
TEST_08594,Pierre-Auguste Renoir
TEST_08595,Rembrandt
TEST_08596,Albrecht Du rer
TEST_08597,Francisco Goya
TEST_08598,Albrecht Du rer
TEST_08599,Georges Seurat
TEST_08600,Pierre-Auguste Renoir
TEST_08601,Albrecht Du rer
TEST_08602,Piet Mondrian
TEST_08603,Marc Chagall
TEST_08604,Kazimir Malevich
TEST_08605,Paul Klee
TEST_08606,Vincent van Gogh
TEST_08607,Leonardo da Vinci
TEST_08608,Albrecht Du rer
TEST_08609,Leonardo da Vinci
TEST_08610,Pierre-Auguste Renoir
TEST_08611,Amedeo Modigliani
TEST_08612,Paul Klee
TEST_08613,Albrecht Du rer
TEST_08614,Caravaggio
TEST_08615,Pieter Bruegel
TEST_08616,Vincent van Gogh
TEST_08617,William Turner
TEST_08618,Georges Seurat
TEST_08619,Leonardo da Vinci
TEST_08620,Vincent van Gogh
TEST_08621,Leonardo da Vinci
TEST_08622,Paul Gauguin
TEST_08623,Piet Mondrian
TEST_08624,William Turner
TEST_08625,Pierre-Auguste Renoir
TEST_08626,Pierre-Auguste Renoir
TEST_08627,Leonardo da Vinci
TEST_08628,Rembrandt
TEST_08629,Alfred Sisley
TEST_08630,Frida Kahlo
TEST_08631,Pieter Bruegel
TEST_08632,Piet Mondrian
TEST_08633,Leonardo da Vinci
TEST_08634,Pieter Bruegel
TEST_08635,Albrecht Du rer
TEST_08636,Albrecht Du rer
TEST_08637,Andy Warhol
TEST_08638,Diego Rivera
TEST_08639,Albrecht Du rer
TEST_08640,Gustav Klimt
TEST_08641,Albrecht Du rer
TEST_08642,Jan van Eyck
TEST_08643,Hieronymus Bosch
TEST_08644,Albrecht Du rer
TEST_08645,Albrecht Du rer
TEST_08646,Leonardo da Vinci
TEST_08647,Mikhail Vrubel
TEST_08648,Francisco Goya
TEST_08649,Diego Rivera
TEST_08650,Frida Kahlo
TEST_08651,Titian
TEST_08652,Peter Paul Rubens
TEST_08653,Vincent van Gogh
TEST_08654,Francisco Goya
TEST_08655,Salvador Dali
TEST_08656,Peter Paul Rubens
TEST_08657,Piet Mondrian
TEST_08658,Andrei Rublev
TEST_08659,Gustav Klimt
TEST_08660,Henri Rousseau
TEST_08661,Raphael
TEST_08662,Titian
TEST_08663,Albrecht Du rer
TEST_08664,Pieter Bruegel
TEST_08665,Pablo Picasso
TEST_08666,Andy Warhol
TEST_08667,Pierre-Auguste Renoir
TEST_08668,Albrecht Du rer
TEST_08669,Marc Chagall
TEST_08670,Edgar Degas
TEST_08671,Albrecht Du rer
TEST_08672,Kazimir Malevich
TEST_08673,Sandro Botticelli
TEST_08674,Kazimir Malevich
TEST_08675,Albrecht Du rer
TEST_08676,Francisco Goya
TEST_08677,Albrecht Du rer
TEST_08678,Marc Chagall
TEST_08679,Sandro Botticelli
TEST_08680,Vincent van Gogh
TEST_08681,Raphael
TEST_08682,Peter Paul Rubens
TEST_08683,Jackson Pollock
TEST_08684,Jan van Eyck
TEST_08685,Albrecht Du rer
TEST_08686,Paul Gauguin
TEST_08687,Salvador Dali
TEST_08688,Alfred Sisley
TEST_08689,Leonardo da Vinci
TEST_08690,Peter Paul Rubens
TEST_08691,Leonardo da Vinci
TEST_08692,Pieter Bruegel
TEST_08693,Albrecht Du rer
TEST_08694,Gustav Klimt
TEST_08695,Hieronymus Bosch
TEST_08696,Pierre-Auguste Renoir
TEST_08697,Piet Mondrian
TEST_08698,El Greco
TEST_08699,Diego Velazquez
TEST_08700,Marc Chagall
TEST_08701,Gustav Klimt
TEST_08702,El Greco
TEST_08703,Vincent van Gogh
TEST_08704,Gustav Klimt
TEST_08705,Kazimir Malevich
TEST_08706,Alfred Sisley
TEST_08707,Andrei Rublev
TEST_08708,Alfred Sisley
TEST_08709,Albrecht Du rer
TEST_08710,Andy Warhol
TEST_08711,Giotto di Bondone
TEST_08712,Andrei Rublev
TEST_08713,William Turner
TEST_08714,Vincent van Gogh
TEST_08715,Vincent van Gogh
TEST_08716,Pierre-Auguste Renoir
TEST_08717,Pierre-Auguste Renoir
TEST_08718,Francisco Goya
TEST_08719,Diego Rivera
TEST_08720,Albrecht Du rer
TEST_08721,Albrecht Du rer
TEST_08722,Vincent van Gogh
TEST_08723,Albrecht Du rer
TEST_08724,Paul Klee
TEST_08725,Peter Paul Rubens
TEST_08726,Rene Magritte
TEST_08727,Andy Warhol
TEST_08728,Pierre-Auguste Renoir
TEST_08729,Vincent van Gogh
TEST_08730,Paul Klee
TEST_08731,Edgar Degas
TEST_08732,Francisco Goya
TEST_08733,Vincent van Gogh
TEST_08734,El Greco
TEST_08735,Paul Klee
TEST_08736,Leonardo da Vinci
TEST_08737,Joan Miro
TEST_08738,Kazimir Malevich
TEST_08739,Vincent van Gogh
TEST_08740,Pierre-Auguste Renoir
TEST_08741,Pierre-Auguste Renoir
TEST_08742,Rembrandt
TEST_08743,Vincent van Gogh
TEST_08744,Pieter Bruegel
TEST_08745,Albrecht Du rer
TEST_08746,Jan van Eyck
TEST_08747,Kazimir Malevich
TEST_08748,El Greco
TEST_08749,Leonardo da Vinci
TEST_08750,Mikhail Vrubel
TEST_08751,Albrecht Du rer
TEST_08752,Paul Klee
TEST_08753,Francisco Goya
TEST_08754,Giotto di Bondone
TEST_08755,El Greco
TEST_08756,Sandro Botticelli
TEST_08757,Andy Warhol
TEST_08758,Francisco Goya
TEST_08759,Leonardo da Vinci
TEST_08760,Pieter Bruegel
TEST_08761,Edvard Munch
TEST_08762,Leonardo da Vinci
TEST_08763,Camille Pissarro
TEST_08764,Vincent van Gogh
TEST_08765,Andrei Rublev
TEST_08766,Camille Pissarro
TEST_08767,Hieronymus Bosch
TEST_08768,Andrei Rublev
TEST_08769,Albrecht Du rer
TEST_08770,Raphael
TEST_08771,Albrecht Du rer
TEST_08772,Georges Seurat
TEST_08773,Leonardo da Vinci
TEST_08774,Pierre-Auguste Renoir
TEST_08775,Marc Chagall
TEST_08776,Paul Gauguin
TEST_08777,Albrecht Du rer
TEST_08778,Pieter Bruegel
TEST_08779,Diego Velazquez
TEST_08780,Gustav Klimt
TEST_08781,Claude Monet
TEST_08782,Vincent van Gogh
TEST_08783,Leonardo da Vinci
TEST_08784,Leonardo da Vinci
TEST_08785,Gustav Klimt
TEST_08786,Jan van Eyck
TEST_08787,Leonardo da Vinci
TEST_08788,Georges Seurat
TEST_08789,Vincent van Gogh
TEST_08790,Salvador Dali
TEST_08791,Jackson Pollock
TEST_08792,Peter Paul Rubens
TEST_08793,El Greco
TEST_08794,Albrecht Du rer
TEST_08795,Paul Klee
TEST_08796,Albrecht Du rer
TEST_08797,Andy Warhol
TEST_08798,Piet Mondrian
TEST_08799,Sandro Botticelli
TEST_08800,Marc Chagall
TEST_08801,Camille Pissarro
TEST_08802,Leonardo da Vinci
TEST_08803,Vincent van Gogh
TEST_08804,Salvador Dali
TEST_08805,Albrecht Du rer
TEST_08806,Leonardo da Vinci
TEST_08807,Albrecht Du rer
TEST_08808,Leonardo da Vinci
TEST_08809,Peter Paul Rubens
TEST_08810,Kazimir Malevich
TEST_08811,Kazimir Malevich
TEST_08812,Francisco Goya
TEST_08813,Sandro Botticelli
TEST_08814,Leonardo da Vinci
TEST_08815,Giotto di Bondone
TEST_08816,Paul Gauguin
TEST_08817,Francisco Goya
TEST_08818,Vincent van Gogh
TEST_08819,Peter Paul Rubens
TEST_08820,Pieter Bruegel
TEST_08821,Vincent van Gogh
TEST_08822,Peter Paul Rubens
TEST_08823,Andrei Rublev
TEST_08824,Alfred Sisley
TEST_08825,Sandro Botticelli
TEST_08826,Rembrandt
TEST_08827,Claude Monet
TEST_08828,Leonardo da Vinci
TEST_08829,Albrecht Du rer
TEST_08830,Francisco Goya
TEST_08831,Albrecht Du rer
TEST_08832,Paul Klee
TEST_08833,Sandro Botticelli
TEST_08834,Alfred Sisley
TEST_08835,Alfred Sisley
TEST_08836,Pieter Bruegel
TEST_08837,Sandro Botticelli
TEST_08838,Pierre-Auguste Renoir
TEST_08839,Vincent van Gogh
TEST_08840,Caravaggio
TEST_08841,El Greco
TEST_08842,Mikhail Vrubel
TEST_08843,Francisco Goya
TEST_08844,Kazimir Malevich
TEST_08845,Kazimir Malevich
TEST_08846,Leonardo da Vinci
TEST_08847,El Greco
TEST_08848,Jan van Eyck
TEST_08849,Jackson Pollock
TEST_08850,Leonardo da Vinci
TEST_08851,Albrecht Du rer
TEST_08852,Peter Paul Rubens
TEST_08853,Camille Pissarro
TEST_08854,Titian
TEST_08855,Pieter Bruegel
TEST_08856,Giotto di Bondone
TEST_08857,Pieter Bruegel
TEST_08858,Jan van Eyck
TEST_08859,Titian
TEST_08860,Peter Paul Rubens
TEST_08861,Kazimir Malevich
TEST_08862,Titian
TEST_08863,Camille Pissarro
TEST_08864,Mikhail Vrubel
TEST_08865,Salvador Dali
TEST_08866,Jan van Eyck
TEST_08867,Albrecht Du rer
TEST_08868,Paul Klee
TEST_08869,El Greco
TEST_08870,El Greco
TEST_08871,Gustav Klimt
TEST_08872,Vincent van Gogh
TEST_08873,Pieter Bruegel
TEST_08874,Pieter Bruegel
TEST_08875,Leonardo da Vinci
TEST_08876,Paul Gauguin
TEST_08877,Salvador Dali
TEST_08878,Pablo Picasso
TEST_08879,Pierre-Auguste Renoir
TEST_08880,Alfred Sisley
TEST_08881,Sandro Botticelli
TEST_08882,Titian
TEST_08883,Paul Gauguin
TEST_08884,Vincent van Gogh
TEST_08885,Leonardo da Vinci
TEST_08886,Pierre-Auguste Renoir
TEST_08887,Leonardo da Vinci
TEST_08888,Titian
TEST_08889,Vincent van Gogh
TEST_08890,Diego Rivera
TEST_08891,Andy Warhol
TEST_08892,Leonardo da Vinci
TEST_08893,Titian
TEST_08894,Henri Matisse
TEST_08895,Mikhail Vrubel
TEST_08896,Piet Mondrian
TEST_08897,Pierre-Auguste Renoir
TEST_08898,Gustav Klimt
TEST_08899,Francisco Goya
TEST_08900,Albrecht Du rer
TEST_08901,Jan van Eyck
TEST_08902,Pablo Picasso
TEST_08903,Andy Warhol
TEST_08904,Francisco Goya
TEST_08905,Frida Kahlo
TEST_08906,Mikhail Vrubel
TEST_08907,Hieronymus Bosch
TEST_08908,Vincent van Gogh
TEST_08909,Hieronymus Bosch
TEST_08910,Vincent van Gogh
TEST_08911,Marc Chagall
TEST_08912,Leonardo da Vinci
TEST_08913,Albrecht Du rer
TEST_08914,El Greco
TEST_08915,Francisco Goya
TEST_08916,Pieter Bruegel
TEST_08917,Paul Gauguin
TEST_08918,Vincent van Gogh
TEST_08919,Vincent van Gogh
TEST_08920,El Greco
TEST_08921,Gustav Klimt
TEST_08922,Leonardo da Vinci
TEST_08923,Salvador Dali
TEST_08924,Jackson Pollock
TEST_08925,Piet Mondrian
TEST_08926,Paul Klee
TEST_08927,Pierre-Auguste Renoir
TEST_08928,Leonardo da Vinci
TEST_08929,Rembrandt
TEST_08930,Pierre-Auguste Renoir
TEST_08931,Alfred Sisley
TEST_08932,Claude Monet
TEST_08933,Vincent van Gogh
TEST_08934,Gustav Klimt
TEST_08935,Pierre-Auguste Renoir
TEST_08936,El Greco
TEST_08937,Andrei Rublev
TEST_08938,Pablo Picasso
TEST_08939,Pierre-Auguste Renoir
TEST_08940,Pieter Bruegel
TEST_08941,Amedeo Modigliani
TEST_08942,Rembrandt
TEST_08943,Leonardo da Vinci
TEST_08944,El Greco
TEST_08945,Michelangelo
TEST_08946,Andrei Rublev
TEST_08947,Piet Mondrian
TEST_08948,Andrei Rublev
TEST_08949,Andrei Rublev
TEST_08950,El Greco
TEST_08951,Gustav Klimt
TEST_08952,Paul Gauguin
TEST_08953,Albrecht Du rer
TEST_08954,Pierre-Auguste Renoir
TEST_08955,Hieronymus Bosch
TEST_08956,Albrecht Du rer
TEST_08957,Paul Klee
TEST_08958,Gustav Klimt
TEST_08959,Pieter Bruegel
TEST_08960,Peter Paul Rubens
TEST_08961,Rene Magritte
TEST_08962,Giotto di Bondone
TEST_08963,Jan van Eyck
TEST_08964,Kazimir Malevich
TEST_08965,Rembrandt
TEST_08966,Sandro Botticelli
TEST_08967,Francisco Goya
TEST_08968,Vincent van Gogh
TEST_08969,Francisco Goya
TEST_08970,Pieter Bruegel
TEST_08971,Vincent van Gogh
TEST_08972,Piet Mondrian
TEST_08973,Frida Kahlo
TEST_08974,Rene Magritte
TEST_08975,El Greco
TEST_08976,Andrei Rublev
TEST_08977,Diego Velazquez
TEST_08978,Andy Warhol
TEST_08979,William Turner
TEST_08980,Pierre-Auguste Renoir
TEST_08981,Pierre-Auguste Renoir
TEST_08982,Paul Klee
TEST_08983,Pieter Bruegel
TEST_08984,Pierre-Auguste Renoir
TEST_08985,Paul Gauguin
TEST_08986,Andrei Rublev
TEST_08987,Paul Klee
TEST_08988,Vincent van Gogh
TEST_08989,Leonardo da Vinci
TEST_08990,Andy Warhol
TEST_08991,Mikhail Vrubel
TEST_08992,Andy Warhol
TEST_08993,Albrecht Du rer
TEST_08994,Diego Rivera
TEST_08995,Gustav Klimt
TEST_08996,Paul Gauguin
TEST_08997,Amedeo Modigliani
TEST_08998,Pieter Bruegel
TEST_08999,Titian
TEST_09000,Edgar Degas
TEST_09001,El Greco
TEST_09002,Paul Klee
TEST_09003,Mikhail Vrubel
TEST_09004,Sandro Botticelli
TEST_09005,El Greco
TEST_09006,Leonardo da Vinci
TEST_09007,Titian
TEST_09008,Albrecht Du rer
TEST_09009,Alfred Sisley
TEST_09010,Edgar Degas
TEST_09011,Salvador Dali
TEST_09012,Andy Warhol
TEST_09013,Mikhail Vrubel
TEST_09014,Pablo Picasso
TEST_09015,Piet Mondrian
TEST_09016,Vincent van Gogh
TEST_09017,Andy Warhol
TEST_09018,Gustav Klimt
TEST_09019,Giotto di Bondone
TEST_09020,Paul Gauguin
TEST_09021,Albrecht Du rer
TEST_09022,Leonardo da Vinci
TEST_09023,Leonardo da Vinci
TEST_09024,Vincent van Gogh
TEST_09025,Gustav Klimt
TEST_09026,El Greco
TEST_09027,Leonardo da Vinci
TEST_09028,Henri de Toulouse-Lautrec
TEST_09029,Piet Mondrian
TEST_09030,Pieter Bruegel
TEST_09031,Pierre-Auguste Renoir
TEST_09032,Francisco Goya
TEST_09033,Georges Seurat
TEST_09034,Salvador Dali
TEST_09035,Jan van Eyck
TEST_09036,Marc Chagall
TEST_09037,Piet Mondrian
TEST_09038,Pierre-Auguste Renoir
TEST_09039,Albrecht Du rer
TEST_09040,Gustav Klimt
TEST_09041,Pieter Bruegel
TEST_09042,Leonardo da Vinci
TEST_09043,Henri Matisse
TEST_09044,Eugene Delacroix
TEST_09045,Gustav Klimt
TEST_09046,Jan van Eyck
TEST_09047,Andrei Rublev
TEST_09048,Leonardo da Vinci
TEST_09049,Jan van Eyck
TEST_09050,El Greco
TEST_09051,Andy Warhol
TEST_09052,Jan van Eyck
TEST_09053,Leonardo da Vinci
TEST_09054,Francisco Goya
TEST_09055,Sandro Botticelli
TEST_09056,Jan van Eyck
TEST_09057,Vincent van Gogh
TEST_09058,Pieter Bruegel
TEST_09059,Marc Chagall
TEST_09060,Albrecht Du rer
TEST_09061,Paul Klee
TEST_09062,Alfred Sisley
TEST_09063,Andrei Rublev
TEST_09064,Sandro Botticelli
TEST_09065,Vincent van Gogh
TEST_09066,Gustav Klimt
TEST_09067,Caravaggio
TEST_09068,Camille Pissarro
TEST_09069,El Greco
TEST_09070,Rene Magritte
TEST_09071,Sandro Botticelli
TEST_09072,Rene Magritte
TEST_09073,Pieter Bruegel
TEST_09074,Paul Gauguin
TEST_09075,William Turner
TEST_09076,Piet Mondrian
TEST_09077,Francisco Goya
TEST_09078,Gustav Klimt
TEST_09079,Pierre-Auguste Renoir
TEST_09080,Amedeo Modigliani
TEST_09081,Rene Magritte
TEST_09082,Giotto di Bondone
TEST_09083,El Greco
TEST_09084,Georges Seurat
TEST_09085,Albrecht Du rer
TEST_09086,Albrecht Du rer
TEST_09087,Gustav Klimt
TEST_09088,Jackson Pollock
TEST_09089,Pieter Bruegel
TEST_09090,Gustav Klimt
TEST_09091,Vincent van Gogh
TEST_09092,Pieter Bruegel
TEST_09093,Mikhail Vrubel
TEST_09094,Leonardo da Vinci
TEST_09095,Pierre-Auguste Renoir
TEST_09096,Piet Mondrian
TEST_09097,Leonardo da Vinci
TEST_09098,Albrecht Du rer
TEST_09099,Titian
TEST_09100,Marc Chagall
TEST_09101,Pablo Picasso
TEST_09102,Albrecht Du rer
TEST_09103,El Greco
TEST_09104,Leonardo da Vinci
TEST_09105,Kazimir Malevich
TEST_09106,Albrecht Du rer
TEST_09107,Leonardo da Vinci
TEST_09108,Jan van Eyck
TEST_09109,Leonardo da Vinci
TEST_09110,Pieter Bruegel
TEST_09111,Pierre-Auguste Renoir
TEST_09112,Piet Mondrian
TEST_09113,Pieter Bruegel
TEST_09114,Jackson Pollock
TEST_09115,El Greco
TEST_09116,Diego Velazquez
TEST_09117,Mikhail Vrubel
TEST_09118,Vincent van Gogh
TEST_09119,Andy Warhol
TEST_09120,Paul Gauguin
TEST_09121,Vincent van Gogh
TEST_09122,Albrecht Du rer
TEST_09123,Peter Paul Rubens
TEST_09124,Sandro Botticelli
TEST_09125,Pablo Picasso
TEST_09126,Gustav Klimt
TEST_09127,Vincent van Gogh
TEST_09128,Albrecht Du rer
TEST_09129,Paul Gauguin
TEST_09130,Caravaggio
TEST_09131,Jan van Eyck
TEST_09132,William Turner
TEST_09133,El Greco
TEST_09134,Salvador Dali
TEST_09135,Gustav Klimt
TEST_09136,Rene Magritte
TEST_09137,Pieter Bruegel
TEST_09138,Vincent van Gogh
TEST_09139,Pierre-Auguste Renoir
TEST_09140,Giotto di Bondone
TEST_09141,Pierre-Auguste Renoir
TEST_09142,Leonardo da Vinci
TEST_09143,Andrei Rublev
TEST_09144,Francisco Goya
TEST_09145,Leonardo da Vinci
TEST_09146,Vincent van Gogh
TEST_09147,Andrei Rublev
TEST_09148,Pieter Bruegel
TEST_09149,Marc Chagall
TEST_09150,Pierre-Auguste Renoir
TEST_09151,Piet Mondrian
TEST_09152,William Turner
TEST_09153,Piet Mondrian
TEST_09154,Pieter Bruegel
TEST_09155,Francisco Goya
TEST_09156,Rembrandt
TEST_09157,Paul Klee
TEST_09158,Paul Cezanne
TEST_09159,Leonardo da Vinci
TEST_09160,Alfred Sisley
TEST_09161,Peter Paul Rubens
TEST_09162,Salvador Dali
TEST_09163,William Turner
TEST_09164,Paul Gauguin
TEST_09165,Alfred Sisley
TEST_09166,Vincent van Gogh
TEST_09167,Paul Gauguin
TEST_09168,Rene Magritte
TEST_09169,Vincent van Gogh
TEST_09170,Francisco Goya
TEST_09171,Pablo Picasso
TEST_09172,William Turner
TEST_09173,Gustav Klimt
TEST_09174,Piet Mondrian
TEST_09175,Diego Rivera
TEST_09176,Leonardo da Vinci
TEST_09177,Albrecht Du rer
TEST_09178,Caravaggio
TEST_09179,Georges Seurat
TEST_09180,Vincent van Gogh
TEST_09181,William Turner
TEST_09182,Paul Klee
TEST_09183,Kazimir Malevich
TEST_09184,Vincent van Gogh
TEST_09185,Kazimir Malevich
TEST_09186,Albrecht Du rer
TEST_09187,Francisco Goya
TEST_09188,Diego Rivera
TEST_09189,Albrecht Du rer
TEST_09190,Leonardo da Vinci
TEST_09191,Andy Warhol
TEST_09192,Camille Pissarro
TEST_09193,Rembrandt
TEST_09194,El Greco
TEST_09195,Leonardo da Vinci
TEST_09196,Gustav Klimt
TEST_09197,Alfred Sisley
TEST_09198,Pierre-Auguste Renoir
TEST_09199,Francisco Goya
TEST_09200,Salvador Dali
TEST_09201,Leonardo da Vinci
TEST_09202,Sandro Botticelli
TEST_09203,Pierre-Auguste Renoir
TEST_09204,Vincent van Gogh
TEST_09205,Pieter Bruegel
TEST_09206,Giotto di Bondone
TEST_09207,Joan Miro
TEST_09208,Gustav Klimt
TEST_09209,Pierre-Auguste Renoir
TEST_09210,Pieter Bruegel
TEST_09211,Paul Klee
TEST_09212,Leonardo da Vinci
TEST_09213,Paul Gauguin
TEST_09214,Mikhail Vrubel
TEST_09215,Vincent van Gogh
TEST_09216,Albrecht Du rer
TEST_09217,El Greco
TEST_09218,Vincent van Gogh
TEST_09219,Leonardo da Vinci
TEST_09220,Albrecht Du rer
TEST_09221,Sandro Botticelli
TEST_09222,Albrecht Du rer
TEST_09223,Gustav Klimt
TEST_09224,Andrei Rublev
TEST_09225,Andy Warhol
TEST_09226,Jan van Eyck
TEST_09227,Andy Warhol
TEST_09228,Hieronymus Bosch
TEST_09229,Paul Gauguin
TEST_09230,Pierre-Auguste Renoir
TEST_09231,Jan van Eyck
TEST_09232,Jan van Eyck
TEST_09233,Vincent van Gogh
TEST_09234,Camille Pissarro
TEST_09235,Paul Gauguin
TEST_09236,Peter Paul Rubens
TEST_09237,Amedeo Modigliani
TEST_09238,Albrecht Du rer
TEST_09239,Leonardo da Vinci
TEST_09240,Jan van Eyck
TEST_09241,Sandro Botticelli
TEST_09242,Salvador Dali
TEST_09243,Rene Magritte
TEST_09244,Peter Paul Rubens
TEST_09245,Pieter Bruegel
TEST_09246,Vincent van Gogh
TEST_09247,Frida Kahlo
TEST_09248,Pieter Bruegel
TEST_09249,Salvador Dali
TEST_09250,William Turner
TEST_09251,Albrecht Du rer
TEST_09252,Paul Gauguin
TEST_09253,Alfred Sisley
TEST_09254,Peter Paul Rubens
TEST_09255,Vincent van Gogh
TEST_09256,Leonardo da Vinci
TEST_09257,Paul Gauguin
TEST_09258,Kazimir Malevich
TEST_09259,Amedeo Modigliani
TEST_09260,El Greco
TEST_09261,Caravaggio
TEST_09262,Piet Mondrian
TEST_09263,Paul Klee
TEST_09264,Alfred Sisley
TEST_09265,Piet Mondrian
TEST_09266,Albrecht Du rer
TEST_09267,Henri Matisse
TEST_09268,Pieter Bruegel
TEST_09269,Albrecht Du rer
TEST_09270,Albrecht Du rer
TEST_09271,Jan van Eyck
TEST_09272,Albrecht Du rer
TEST_09273,Gustav Klimt
TEST_09274,Kazimir Malevich
TEST_09275,Albrecht Du rer
TEST_09276,Albrecht Du rer
TEST_09277,Piet Mondrian
TEST_09278,Alfred Sisley
TEST_09279,Pierre-Auguste Renoir
TEST_09280,Peter Paul Rubens
TEST_09281,Mikhail Vrubel
TEST_09282,Jan van Eyck
TEST_09283,Albrecht Du rer
TEST_09284,Alfred Sisley
TEST_09285,Vincent van Gogh
TEST_09286,El Greco
TEST_09287,Alfred Sisley
TEST_09288,Kazimir Malevich
TEST_09289,Vincent van Gogh
TEST_09290,Jackson Pollock
TEST_09291,Rene Magritte
TEST_09292,Gustav Klimt
TEST_09293,Giotto di Bondone
TEST_09294,Marc Chagall
TEST_09295,Pierre-Auguste Renoir
TEST_09296,Paul Klee
TEST_09297,Vincent van Gogh
TEST_09298,Marc Chagall
TEST_09299,Pieter Bruegel
TEST_09300,Jackson Pollock
TEST_09301,Leonardo da Vinci
TEST_09302,Caravaggio
TEST_09303,Rembrandt
TEST_09304,Albrecht Du rer
TEST_09305,Rene Magritte
TEST_09306,Rembrandt
TEST_09307,Albrecht Du rer
TEST_09308,Paul Gauguin
TEST_09309,Vincent van Gogh
TEST_09310,Vincent van Gogh
TEST_09311,Raphael
TEST_09312,Alfred Sisley
TEST_09313,Jackson Pollock
TEST_09314,Andy Warhol
TEST_09315,Paul Gauguin
TEST_09316,Titian
TEST_09317,Rembrandt
TEST_09318,Salvador Dali
TEST_09319,Albrecht Du rer
TEST_09320,Vincent van Gogh
TEST_09321,Leonardo da Vinci
TEST_09322,Paul Klee
TEST_09323,Albrecht Du rer
TEST_09324,Kazimir Malevich
TEST_09325,Leonardo da Vinci
TEST_09326,Giotto di Bondone
TEST_09327,Leonardo da Vinci
TEST_09328,Paul Klee
TEST_09329,Edgar Degas
TEST_09330,William Turner
TEST_09331,Pieter Bruegel
TEST_09332,Sandro Botticelli
TEST_09333,Leonardo da Vinci
TEST_09334,Paul Klee
TEST_09335,Kazimir Malevich
TEST_09336,Hieronymus Bosch
TEST_09337,El Greco
TEST_09338,Joan Miro
TEST_09339,Vincent van Gogh
TEST_09340,Jackson Pollock
TEST_09341,Rembrandt
TEST_09342,Rembrandt
TEST_09343,Hieronymus Bosch
TEST_09344,Caravaggio
TEST_09345,William Turner
TEST_09346,Sandro Botticelli
TEST_09347,Jackson Pollock
TEST_09348,Andrei Rublev
TEST_09349,Francisco Goya
TEST_09350,Paul Klee
TEST_09351,Peter Paul Rubens
TEST_09352,Piet Mondrian
TEST_09353,Francisco Goya
TEST_09354,Alfred Sisley
TEST_09355,Hieronymus Bosch
TEST_09356,Jan van Eyck
TEST_09357,Francisco Goya
TEST_09358,Pablo Picasso
TEST_09359,Albrecht Du rer
TEST_09360,Albrecht Du rer
TEST_09361,Peter Paul Rubens
TEST_09362,Jackson Pollock
TEST_09363,Albrecht Du rer
TEST_09364,Paul Klee
TEST_09365,Vincent van Gogh
TEST_09366,Rembrandt
TEST_09367,Marc Chagall
TEST_09368,Pierre-Auguste Renoir
TEST_09369,Edgar Degas
TEST_09370,El Greco
TEST_09371,Francisco Goya
TEST_09372,William Turner
TEST_09373,Frida Kahlo
TEST_09374,Albrecht Du rer
TEST_09375,Pieter Bruegel
TEST_09376,Georges Seurat
TEST_09377,Paul Gauguin
TEST_09378,William Turner
TEST_09379,Jan van Eyck
TEST_09380,Peter Paul Rubens
TEST_09381,Pierre-Auguste Renoir
TEST_09382,Pieter Bruegel
TEST_09383,Titian
TEST_09384,Piet Mondrian
TEST_09385,Albrecht Du rer
TEST_09386,Albrecht Du rer
TEST_09387,Salvador Dali
TEST_09388,Pierre-Auguste Renoir
TEST_09389,Leonardo da Vinci
TEST_09390,Pierre-Auguste Renoir
TEST_09391,Vincent van Gogh
TEST_09392,Paul Klee
TEST_09393,Leonardo da Vinci
TEST_09394,Vincent van Gogh
TEST_09395,Francisco Goya
TEST_09396,Camille Pissarro
TEST_09397,Paul Gauguin
TEST_09398,Paul Gauguin
TEST_09399,Albrecht Du rer
TEST_09400,Gustav Klimt
TEST_09401,Sandro Botticelli
TEST_09402,Pierre-Auguste Renoir
TEST_09403,Rembrandt
TEST_09404,Kazimir Malevich
TEST_09405,Giotto di Bondone
TEST_09406,Camille Pissarro
TEST_09407,Rene Magritte
TEST_09408,Paul Klee
TEST_09409,Pierre-Auguste Renoir
TEST_09410,Jan van Eyck
TEST_09411,Titian
TEST_09412,Mikhail Vrubel
TEST_09413,Vincent van Gogh
TEST_09414,Vincent van Gogh
TEST_09415,Albrecht Du rer
TEST_09416,Mikhail Vrubel
TEST_09417,Pieter Bruegel
TEST_09418,Caravaggio
TEST_09419,Leonardo da Vinci
TEST_09420,Gustav Klimt
TEST_09421,Vincent van Gogh
TEST_09422,Piet Mondrian
TEST_09423,Jackson Pollock
TEST_09424,Albrecht Du rer
TEST_09425,Francisco Goya
TEST_09426,Pieter Bruegel
TEST_09427,Vincent van Gogh
TEST_09428,Diego Rivera
TEST_09429,Jan van Eyck
TEST_09430,Leonardo da Vinci
TEST_09431,Jackson Pollock
TEST_09432,Salvador Dali
TEST_09433,El Greco
TEST_09434,Rene Magritte
TEST_09435,Leonardo da Vinci
TEST_09436,Georges Seurat
TEST_09437,Paul Klee
TEST_09438,Mikhail Vrubel
TEST_09439,Kazimir Malevich
TEST_09440,Rene Magritte
TEST_09441,Paul Gauguin
TEST_09442,Albrecht Du rer
TEST_09443,Leonardo da Vinci
TEST_09444,Paul Gauguin
TEST_09445,Pieter Bruegel
TEST_09446,Georges Seurat
TEST_09447,Rembrandt
TEST_09448,Rene Magritte
TEST_09449,Kazimir Malevich
TEST_09450,Rembrandt
TEST_09451,Albrecht Du rer
TEST_09452,Giotto di Bondone
TEST_09453,Piet Mondrian
TEST_09454,Pierre-Auguste Renoir
TEST_09455,Vincent van Gogh
TEST_09456,Albrecht Du rer
TEST_09457,Kazimir Malevich
TEST_09458,Pablo Picasso
TEST_09459,Sandro Botticelli
TEST_09460,Pieter Bruegel
TEST_09461,Jan van Eyck
TEST_09462,Joan Miro
TEST_09463,Jan van Eyck
TEST_09464,Marc Chagall
TEST_09465,Vincent van Gogh
TEST_09466,Georges Seurat
TEST_09467,Pieter Bruegel
TEST_09468,Sandro Botticelli
TEST_09469,Andy Warhol
TEST_09470,Jan van Eyck
TEST_09471,Jan van Eyck
TEST_09472,El Greco
TEST_09473,Jan van Eyck
TEST_09474,Vincent van Gogh
TEST_09475,Marc Chagall
TEST_09476,Francisco Goya
TEST_09477,Vincent van Gogh
TEST_09478,Jan van Eyck
TEST_09479,Marc Chagall
TEST_09480,El Greco
TEST_09481,Salvador Dali
TEST_09482,Francisco Goya
TEST_09483,Rene Magritte
TEST_09484,Pieter Bruegel
TEST_09485,Francisco Goya
TEST_09486,Gustav Klimt
TEST_09487,Paul Klee
TEST_09488,Pierre-Auguste Renoir
TEST_09489,Andy Warhol
TEST_09490,Pierre-Auguste Renoir
TEST_09491,Vincent van Gogh
TEST_09492,Pieter Bruegel
TEST_09493,Vincent van Gogh
TEST_09494,Pieter Bruegel
TEST_09495,Rembrandt
TEST_09496,Rembrandt
TEST_09497,Camille Pissarro
TEST_09498,Jan van Eyck
TEST_09499,Leonardo da Vinci
TEST_09500,Sandro Botticelli
TEST_09501,Caravaggio
TEST_09502,Mikhail Vrubel
TEST_09503,Salvador Dali
TEST_09504,Jan van Eyck
TEST_09505,Albrecht Du rer
TEST_09506,Vincent van Gogh
TEST_09507,Albrecht Du rer
TEST_09508,Alfred Sisley
TEST_09509,Leonardo da Vinci
TEST_09510,Pieter Bruegel
TEST_09511,Albrecht Du rer
TEST_09512,Pieter Bruegel
TEST_09513,Pieter Bruegel
TEST_09514,Paul Gauguin
TEST_09515,Giotto di Bondone
TEST_09516,Pieter Bruegel
TEST_09517,Pierre-Auguste Renoir
TEST_09518,Henri Matisse
TEST_09519,Pieter Bruegel
TEST_09520,Marc Chagall
TEST_09521,Paul Klee
TEST_09522,Kazimir Malevich
TEST_09523,Pierre-Auguste Renoir
TEST_09524,Diego Rivera
TEST_09525,Albrecht Du rer
TEST_09526,Kazimir Malevich
TEST_09527,Andy Warhol
TEST_09528,Vincent van Gogh
TEST_09529,Henri Matisse
TEST_09530,William Turner
TEST_09531,William Turner
TEST_09532,Salvador Dali
TEST_09533,Pieter Bruegel
TEST_09534,Pierre-Auguste Renoir
TEST_09535,Paul Gauguin
TEST_09536,Titian
TEST_09537,Rembrandt
TEST_09538,Jan van Eyck
TEST_09539,Francisco Goya
TEST_09540,Vincent van Gogh
TEST_09541,Rembrandt
TEST_09542,Vincent van Gogh
TEST_09543,Pieter Bruegel
TEST_09544,Peter Paul Rubens
TEST_09545,Gustav Klimt
TEST_09546,Pierre-Auguste Renoir
TEST_09547,William Turner
TEST_09548,Jackson Pollock
TEST_09549,William Turner
TEST_09550,Vincent van Gogh
TEST_09551,Rembrandt
TEST_09552,Paul Gauguin
TEST_09553,Leonardo da Vinci
TEST_09554,Leonardo da Vinci
TEST_09555,William Turner
TEST_09556,William Turner
TEST_09557,Francisco Goya
TEST_09558,Kazimir Malevich
TEST_09559,Amedeo Modigliani
TEST_09560,Pablo Picasso
TEST_09561,Vincent van Gogh
TEST_09562,Frida Kahlo
TEST_09563,Vincent van Gogh
TEST_09564,Albrecht Du rer
TEST_09565,Pablo Picasso
TEST_09566,Pieter Bruegel
TEST_09567,Francisco Goya
TEST_09568,Pierre-Auguste Renoir
TEST_09569,Albrecht Du rer
TEST_09570,Pieter Bruegel
TEST_09571,Francisco Goya
TEST_09572,Vasiliy Kandinskiy
TEST_09573,Vincent van Gogh
TEST_09574,Pablo Picasso
TEST_09575,Kazimir Malevich
TEST_09576,Albrecht Du rer
TEST_09577,Vincent van Gogh
TEST_09578,Albrecht Du rer
TEST_09579,Francisco Goya
TEST_09580,Leonardo da Vinci
TEST_09581,Gustav Klimt
TEST_09582,Peter Paul Rubens
TEST_09583,Jan van Eyck
TEST_09584,Paul Klee
TEST_09585,Piet Mondrian
TEST_09586,Diego Rivera
TEST_09587,Francisco Goya
TEST_09588,Piet Mondrian
TEST_09589,Jan van Eyck
TEST_09590,Andrei Rublev
TEST_09591,Vincent van Gogh
TEST_09592,Pablo Picasso
TEST_09593,William Turner
TEST_09594,Piet Mondrian
TEST_09595,Pieter Bruegel
TEST_09596,Vincent van Gogh
TEST_09597,Sandro Botticelli
TEST_09598,Albrecht Du rer
TEST_09599,Peter Paul Rubens
TEST_09600,Edvard Munch
TEST_09601,Albrecht Du rer
TEST_09602,Pieter Bruegel
TEST_09603,Vincent van Gogh
TEST_09604,Jan van Eyck
TEST_09605,Sandro Botticelli
TEST_09606,Leonardo da Vinci
TEST_09607,Alfred Sisley
TEST_09608,Sandro Botticelli
TEST_09609,Mikhail Vrubel
TEST_09610,Francisco Goya
TEST_09611,Leonardo da Vinci
TEST_09612,Pablo Picasso
TEST_09613,Pieter Bruegel
TEST_09614,Gustav Klimt
TEST_09615,Peter Paul Rubens
TEST_09616,Sandro Botticelli
TEST_09617,Pablo Picasso
TEST_09618,Peter Paul Rubens
TEST_09619,Titian
TEST_09620,Pierre-Auguste Renoir
TEST_09621,Jan van Eyck
TEST_09622,El Greco
TEST_09623,Jan van Eyck
TEST_09624,El Greco
TEST_09625,Paul Klee
TEST_09626,Jan van Eyck
TEST_09627,Francisco Goya
TEST_09628,Gustav Klimt
TEST_09629,Gustav Klimt
TEST_09630,Leonardo da Vinci
TEST_09631,Marc Chagall
TEST_09632,William Turner
TEST_09633,Albrecht Du rer
TEST_09634,Paul Gauguin
TEST_09635,Leonardo da Vinci
TEST_09636,Albrecht Du rer
TEST_09637,Pierre-Auguste Renoir
TEST_09638,Pierre-Auguste Renoir
TEST_09639,Kazimir Malevich
TEST_09640,Pieter Bruegel
TEST_09641,Diego Rivera
TEST_09642,Leonardo da Vinci
TEST_09643,Gustav Klimt
TEST_09644,Jackson Pollock
TEST_09645,William Turner
TEST_09646,Camille Pissarro
TEST_09647,Paul Gauguin
TEST_09648,Rene Magritte
TEST_09649,Caravaggio
TEST_09650,Gustav Klimt
TEST_09651,Pierre-Auguste Renoir
TEST_09652,Vincent van Gogh
TEST_09653,Caravaggio
TEST_09654,Gustav Klimt
TEST_09655,Leonardo da Vinci
TEST_09656,Pieter Bruegel
TEST_09657,Rene Magritte
TEST_09658,Frida Kahlo
TEST_09659,Vincent van Gogh
TEST_09660,Sandro Botticelli
TEST_09661,Vincent van Gogh
TEST_09662,Titian
TEST_09663,Leonardo da Vinci
TEST_09664,Rene Magritte
TEST_09665,Vincent van Gogh
TEST_09666,Gustav Klimt
TEST_09667,Pieter Bruegel
TEST_09668,Francisco Goya
TEST_09669,Peter Paul Rubens
TEST_09670,Jan van Eyck
TEST_09671,Paul Klee
TEST_09672,Francisco Goya
TEST_09673,El Greco
TEST_09674,Pablo Picasso
TEST_09675,Paul Gauguin
TEST_09676,Andy Warhol
TEST_09677,Gustav Klimt
TEST_09678,Rene Magritte
TEST_09679,Jackson Pollock
TEST_09680,Vincent van Gogh
TEST_09681,Vincent van Gogh
TEST_09682,Albrecht Du rer
TEST_09683,Pieter Bruegel
TEST_09684,Pablo Picasso
TEST_09685,Kazimir Malevich
TEST_09686,Hieronymus Bosch
TEST_09687,Gustav Klimt
TEST_09688,Diego Rivera
TEST_09689,Jan van Eyck
TEST_09690,Andy Warhol
TEST_09691,Salvador Dali
TEST_09692,Leonardo da Vinci
TEST_09693,Piet Mondrian
TEST_09694,El Greco
TEST_09695,Giotto di Bondone
TEST_09696,Leonardo da Vinci
TEST_09697,Gustav Klimt
TEST_09698,Pieter Bruegel
TEST_09699,Albrecht Du rer
TEST_09700,Pierre-Auguste Renoir
TEST_09701,El Greco
TEST_09702,Giotto di Bondone
TEST_09703,Titian
TEST_09704,Paul Klee
TEST_09705,Sandro Botticelli
TEST_09706,Andrei Rublev
TEST_09707,Peter Paul Rubens
TEST_09708,Albrecht Du rer
TEST_09709,Andrei Rublev
TEST_09710,Peter Paul Rubens
TEST_09711,Kazimir Malevich
TEST_09712,El Greco
TEST_09713,Camille Pissarro
TEST_09714,Leonardo da Vinci
TEST_09715,Paul Klee
TEST_09716,Jan van Eyck
TEST_09717,Vincent van Gogh
TEST_09718,El Greco
TEST_09719,Salvador Dali
TEST_09720,Vincent van Gogh
TEST_09721,Pieter Bruegel
TEST_09722,Andy Warhol
TEST_09723,Piet Mondrian
TEST_09724,Caravaggio
TEST_09725,Giotto di Bondone
TEST_09726,Marc Chagall
TEST_09727,Vincent van Gogh
TEST_09728,Jackson Pollock
TEST_09729,Vincent van Gogh
TEST_09730,Gustav Klimt
TEST_09731,Jan van Eyck
TEST_09732,Pierre-Auguste Renoir
TEST_09733,Jan van Eyck
TEST_09734,Andrei Rublev
TEST_09735,Vincent van Gogh
TEST_09736,Diego Rivera
TEST_09737,Jackson Pollock
TEST_09738,Leonardo da Vinci
TEST_09739,Pierre-Auguste Renoir
TEST_09740,Vincent van Gogh
TEST_09741,Georges Seurat
TEST_09742,Pierre-Auguste Renoir
TEST_09743,Pierre-Auguste Renoir
TEST_09744,Kazimir Malevich
TEST_09745,Andrei Rublev
TEST_09746,Titian
TEST_09747,Leonardo da Vinci
TEST_09748,Claude Monet
TEST_09749,Diego Rivera
TEST_09750,Francisco Goya
TEST_09751,Peter Paul Rubens
TEST_09752,Sandro Botticelli
TEST_09753,Andy Warhol
TEST_09754,Jan van Eyck
TEST_09755,Leonardo da Vinci
TEST_09756,Pierre-Auguste Renoir
TEST_09757,Peter Paul Rubens
TEST_09758,Vincent van Gogh
TEST_09759,Francisco Goya
TEST_09760,Kazimir Malevich
TEST_09761,Mikhail Vrubel
TEST_09762,Vincent van Gogh
TEST_09763,Giotto di Bondone
TEST_09764,Vincent van Gogh
TEST_09765,Pierre-Auguste Renoir
TEST_09766,Jan van Eyck
TEST_09767,Francisco Goya
TEST_09768,Paul Klee
TEST_09769,Francisco Goya
TEST_09770,Pierre-Auguste Renoir
TEST_09771,Jan van Eyck
TEST_09772,Sandro Botticelli
TEST_09773,Andrei Rublev
TEST_09774,Hieronymus Bosch
TEST_09775,Pablo Picasso
TEST_09776,Vincent van Gogh
TEST_09777,Francisco Goya
TEST_09778,Pieter Bruegel
TEST_09779,Gustav Klimt
TEST_09780,Alfred Sisley
TEST_09781,Giotto di Bondone
TEST_09782,Jan van Eyck
TEST_09783,Gustav Klimt
TEST_09784,Pierre-Auguste Renoir
TEST_09785,El Greco
TEST_09786,Paul Klee
TEST_09787,Rene Magritte
TEST_09788,Diego Rivera
TEST_09789,Leonardo da Vinci
TEST_09790,Alfred Sisley
TEST_09791,Pierre-Auguste Renoir
TEST_09792,Mikhail Vrubel
TEST_09793,Albrecht Du rer
TEST_09794,Claude Monet
TEST_09795,William Turner
TEST_09796,Gustav Klimt
TEST_09797,Andy Warhol
TEST_09798,Edgar Degas
TEST_09799,Rene Magritte
TEST_09800,Pieter Bruegel
TEST_09801,Marc Chagall
TEST_09802,Pieter Bruegel
TEST_09803,Leonardo da Vinci
TEST_09804,William Turner
TEST_09805,Pablo Picasso
TEST_09806,Leonardo da Vinci
TEST_09807,Rene Magritte
TEST_09808,Pablo Picasso
TEST_09809,Paul Gauguin
TEST_09810,Vincent van Gogh
TEST_09811,Albrecht Du rer
TEST_09812,Pieter Bruegel
TEST_09813,Leonardo da Vinci
TEST_09814,El Greco
TEST_09815,Francisco Goya
TEST_09816,Rembrandt
TEST_09817,Titian
TEST_09818,Francisco Goya
TEST_09819,Albrecht Du rer
TEST_09820,William Turner
TEST_09821,Pieter Bruegel
TEST_09822,Vincent van Gogh
TEST_09823,Marc Chagall
TEST_09824,Jackson Pollock
TEST_09825,Giotto di Bondone
TEST_09826,Salvador Dali
TEST_09827,Alfred Sisley
TEST_09828,Camille Pissarro
TEST_09829,William Turner
TEST_09830,Paul Gauguin
TEST_09831,Mikhail Vrubel
TEST_09832,Pieter Bruegel
TEST_09833,Kazimir Malevich
TEST_09834,Albrecht Du rer
TEST_09835,Leonardo da Vinci
TEST_09836,Jan van Eyck
TEST_09837,Peter Paul Rubens
TEST_09838,Camille Pissarro
TEST_09839,Paul Gauguin
TEST_09840,Sandro Botticelli
TEST_09841,Albrecht Du rer
TEST_09842,Andy Warhol
TEST_09843,Francisco Goya
TEST_09844,Andrei Rublev
TEST_09845,Paul Gauguin
TEST_09846,Albrecht Du rer
TEST_09847,Marc Chagall
TEST_09848,Francisco Goya
TEST_09849,Camille Pissarro
TEST_09850,Hieronymus Bosch
TEST_09851,Rene Magritte
TEST_09852,Albrecht Du rer
TEST_09853,Leonardo da Vinci
TEST_09854,Gustav Klimt
TEST_09855,Jan van Eyck
TEST_09856,Pieter Bruegel
TEST_09857,Georges Seurat
TEST_09858,Salvador Dali
TEST_09859,Piet Mondrian
TEST_09860,Albrecht Du rer
TEST_09861,Paul Klee
TEST_09862,Mikhail Vrubel
TEST_09863,Leonardo da Vinci
TEST_09864,Albrecht Du rer
TEST_09865,Pablo Picasso
TEST_09866,Andy Warhol
TEST_09867,Rembrandt
TEST_09868,Albrecht Du rer
TEST_09869,Camille Pissarro
TEST_09870,Pieter Bruegel
TEST_09871,Marc Chagall
TEST_09872,Rene Magritte
TEST_09873,Pierre-Auguste Renoir
TEST_09874,Mikhail Vrubel
TEST_09875,Mikhail Vrubel
TEST_09876,Paul Cezanne
TEST_09877,Vincent van Gogh
TEST_09878,Gustav Klimt
TEST_09879,Titian
TEST_09880,Pieter Bruegel
TEST_09881,Pierre-Auguste Renoir
TEST_09882,Pieter Bruegel
TEST_09883,Pierre-Auguste Renoir
TEST_09884,Paul Gauguin
TEST_09885,Paul Gauguin
TEST_09886,Titian
TEST_09887,Francisco Goya
TEST_09888,Giotto di Bondone
TEST_09889,Albrecht Du rer
TEST_09890,Albrecht Du rer
TEST_09891,Pierre-Auguste Renoir
TEST_09892,Rene Magritte
TEST_09893,William Turner
TEST_09894,Pieter Bruegel
TEST_09895,Marc Chagall
TEST_09896,Jan van Eyck
TEST_09897,Vincent van Gogh
TEST_09898,Hieronymus Bosch
TEST_09899,Leonardo da Vinci
TEST_09900,Vincent van Gogh
TEST_09901,Vincent van Gogh
TEST_09902,Caravaggio
TEST_09903,Vincent van Gogh
TEST_09904,Vincent van Gogh
TEST_09905,Camille Pissarro
TEST_09906,William Turner
TEST_09907,Pierre-Auguste Renoir
TEST_09908,Vincent van Gogh
TEST_09909,William Turner
TEST_09910,Andy Warhol
TEST_09911,Sandro Botticelli
TEST_09912,Paul Gauguin
TEST_09913,Vincent van Gogh
TEST_09914,Leonardo da Vinci
TEST_09915,Vincent van Gogh
TEST_09916,Hieronymus Bosch
TEST_09917,Sandro Botticelli
TEST_09918,Salvador Dali
TEST_09919,Paul Klee
TEST_09920,Albrecht Du rer
TEST_09921,Paul Cezanne
TEST_09922,Paul Gauguin
TEST_09923,Pierre-Auguste Renoir
TEST_09924,Pierre-Auguste Renoir
TEST_09925,Mikhail Vrubel
TEST_09926,Andy Warhol
TEST_09927,Piet Mondrian
TEST_09928,Kazimir Malevich
TEST_09929,Andy Warhol
TEST_09930,Albrecht Du rer
TEST_09931,William Turner
TEST_09932,Leonardo da Vinci
TEST_09933,Vincent van Gogh
TEST_09934,Pierre-Auguste Renoir
TEST_09935,Diego Rivera
TEST_09936,Leonardo da Vinci
TEST_09937,Pierre-Auguste Renoir
TEST_09938,Salvador Dali
TEST_09939,Andy Warhol
TEST_09940,Leonardo da Vinci
TEST_09941,Andy Warhol
TEST_09942,Pierre-Auguste Renoir
TEST_09943,Georges Seurat
TEST_09944,Kazimir Malevich
TEST_09945,Vincent van Gogh
TEST_09946,Pieter Bruegel
TEST_09947,Albrecht Du rer
TEST_09948,Albrecht Du rer
TEST_09949,Caravaggio
TEST_09950,Piet Mondrian
TEST_09951,El Greco
TEST_09952,Rene Magritte
TEST_09953,Paul Gauguin
TEST_09954,Vincent van Gogh
TEST_09955,Rene Magritte
TEST_09956,Francisco Goya
TEST_09957,Pierre-Auguste Renoir
TEST_09958,Claude Monet
TEST_09959,Pieter Bruegel
TEST_09960,Francisco Goya
TEST_09961,Albrecht Du rer
TEST_09962,Vincent van Gogh
TEST_09963,Paul Gauguin
TEST_09964,Francisco Goya
TEST_09965,Paul Gauguin
TEST_09966,Vincent van Gogh
TEST_09967,Frida Kahlo
TEST_09968,Michelangelo
TEST_09969,Giotto di Bondone
TEST_09970,Piet Mondrian
TEST_09971,Piet Mondrian
TEST_09972,Alfred Sisley
TEST_09973,Pierre-Auguste Renoir
TEST_09974,Leonardo da Vinci
TEST_09975,Mikhail Vrubel
TEST_09976,Pablo Picasso
TEST_09977,Leonardo da Vinci
TEST_09978,Piet Mondrian
TEST_09979,Vincent van Gogh
TEST_09980,Pieter Bruegel
TEST_09981,Paul Klee
TEST_09982,Albrecht Du rer
TEST_09983,Salvador Dali
TEST_09984,Pablo Picasso
TEST_09985,Hieronymus Bosch
TEST_09986,Vincent van Gogh
TEST_09987,Marc Chagall
TEST_09988,El Greco
TEST_09989,Leonardo da Vinci
TEST_09990,El Greco
TEST_09991,Diego Rivera
TEST_09992,Pieter Bruegel
TEST_09993,Leonardo da Vinci
TEST_09994,Kazimir Malevich
TEST_09995,Diego Rivera
TEST_09996,Vincent van Gogh
TEST_09997,Andrei Rublev
TEST_09998,Vincent van Gogh
TEST_09999,Paul Klee
TEST_10000,Jan van Eyck
TEST_10001,Leonardo da Vinci
TEST_10002,Leonardo da Vinci
TEST_10003,Pierre-Auguste Renoir
TEST_10004,Pablo Picasso
TEST_10005,Frida Kahlo
TEST_10006,Paul Gauguin
TEST_10007,Vincent van Gogh
TEST_10008,Rembrandt
TEST_10009,Albrecht Du rer
TEST_10010,Jan van Eyck
TEST_10011,Alfred Sisley
TEST_10012,Pierre-Auguste Renoir
TEST_10013,Vincent van Gogh
TEST_10014,Sandro Botticelli
TEST_10015,Pieter Bruegel
TEST_10016,Paul Gauguin
TEST_10017,Kazimir Malevich
TEST_10018,Diego Rivera
TEST_10019,Sandro Botticelli
TEST_10020,Francisco Goya
TEST_10021,Paul Gauguin
TEST_10022,Paul Gauguin
TEST_10023,Francisco Goya
TEST_10024,Hieronymus Bosch
TEST_10025,Marc Chagall
TEST_10026,Vincent van Gogh
TEST_10027,Jan van Eyck
TEST_10028,Francisco Goya
TEST_10029,Hieronymus Bosch
TEST_10030,Gustav Klimt
TEST_10031,Andy Warhol
TEST_10032,Paul Gauguin
TEST_10033,Jackson Pollock
TEST_10034,Gustav Klimt
TEST_10035,Albrecht Du rer
TEST_10036,Francisco Goya
TEST_10037,Jan van Eyck
TEST_10038,William Turner
TEST_10039,Salvador Dali
TEST_10040,Diego Rivera
TEST_10041,Rembrandt
TEST_10042,Vincent van Gogh
TEST_10043,Francisco Goya
TEST_10044,Alfred Sisley
TEST_10045,El Greco
TEST_10046,Leonardo da Vinci
TEST_10047,Peter Paul Rubens
TEST_10048,Marc Chagall
TEST_10049,Camille Pissarro
TEST_10050,Paul Klee
TEST_10051,Alfred Sisley
TEST_10052,Diego Rivera
TEST_10053,Rembrandt
TEST_10054,Vincent van Gogh
TEST_10055,Sandro Botticelli
TEST_10056,Andrei Rublev
TEST_10057,Edgar Degas
TEST_10058,Paul Gauguin
TEST_10059,El Greco
TEST_10060,Vincent van Gogh
TEST_10061,Diego Velazquez
TEST_10062,Alfred Sisley
TEST_10063,Gustav Klimt
TEST_10064,Piet Mondrian
TEST_10065,Kazimir Malevich
TEST_10066,Albrecht Du rer
TEST_10067,Gustav Klimt
TEST_10068,Diego Rivera
TEST_10069,Pierre-Auguste Renoir
TEST_10070,Gustav Klimt
TEST_10071,Pieter Bruegel
TEST_10072,Marc Chagall
TEST_10073,Gustav Klimt
TEST_10074,William Turner
TEST_10075,Gustav Klimt
TEST_10076,Albrecht Du rer
TEST_10077,Paul Gauguin
TEST_10078,Pierre-Auguste Renoir
TEST_10079,Paul Klee
TEST_10080,Albrecht Du rer
TEST_10081,Vincent van Gogh
TEST_10082,Marc Chagall
TEST_10083,Sandro Botticelli
TEST_10084,Salvador Dali
TEST_10085,Pierre-Auguste Renoir
TEST_10086,Rene Magritte
TEST_10087,William Turner
TEST_10088,Titian
TEST_10089,Peter Paul Rubens
TEST_10090,Albrecht Du rer
TEST_10091,Leonardo da Vinci
TEST_10092,William Turner
TEST_10093,Kazimir Malevich
TEST_10094,Sandro Botticelli
TEST_10095,Gustav Klimt
TEST_10096,Francisco Goya
TEST_10097,Rembrandt
TEST_10098,Pierre-Auguste Renoir
TEST_10099,Mikhail Vrubel
TEST_10100,Albrecht Du rer
TEST_10101,Jan van Eyck
TEST_10102,Pierre-Auguste Renoir
TEST_10103,Sandro Botticelli
TEST_10104,Leonardo da Vinci
TEST_10105,Sandro Botticelli
TEST_10106,Hieronymus Bosch
TEST_10107,Georges Seurat
TEST_10108,Gustav Klimt
TEST_10109,Mikhail Vrubel
TEST_10110,Pierre-Auguste Renoir
TEST_10111,Leonardo da Vinci
TEST_10112,Vincent van Gogh
TEST_10113,Pieter Bruegel
TEST_10114,Marc Chagall
TEST_10115,Albrecht Du rer
TEST_10116,Giotto di Bondone
TEST_10117,Pieter Bruegel
TEST_10118,Gustav Klimt
TEST_10119,Marc Chagall
TEST_10120,Kazimir Malevich
TEST_10121,Paul Gauguin
TEST_10122,Edgar Degas
TEST_10123,Vincent van Gogh
TEST_10124,Giotto di Bondone
TEST_10125,Andrei Rublev
TEST_10126,Andrei Rublev
TEST_10127,Paul Klee
TEST_10128,Albrecht Du rer
TEST_10129,Peter Paul Rubens
TEST_10130,Paul Gauguin
TEST_10131,Sandro Botticelli
TEST_10132,Sandro Botticelli
TEST_10133,Leonardo da Vinci
TEST_10134,Vincent van Gogh
TEST_10135,Raphael
TEST_10136,Albrecht Du rer
TEST_10137,Pierre-Auguste Renoir
TEST_10138,Salvador Dali
TEST_10139,Gustav Klimt
TEST_10140,Vincent van Gogh
TEST_10141,William Turner
TEST_10142,Marc Chagall
TEST_10143,Rembrandt
TEST_10144,Paul Klee
TEST_10145,Sandro Botticelli
TEST_10146,Edouard Manet
TEST_10147,Paul Klee
TEST_10148,Pieter Bruegel
TEST_10149,Albrecht Du rer
TEST_10150,Piet Mondrian
TEST_10151,Jan van Eyck
TEST_10152,Hieronymus Bosch
TEST_10153,Jackson Pollock
TEST_10154,Caravaggio
TEST_10155,Albrecht Du rer
TEST_10156,El Greco
TEST_10157,Vincent van Gogh
TEST_10158,Pieter Bruegel
TEST_10159,Peter Paul Rubens
TEST_10160,Paul Gauguin
TEST_10161,Leonardo da Vinci
TEST_10162,Gustav Klimt
TEST_10163,Titian
TEST_10164,Pieter Bruegel
TEST_10165,Leonardo da Vinci
TEST_10166,Rene Magritte
TEST_10167,Kazimir Malevich
TEST_10168,Paul Gauguin
TEST_10169,El Greco
TEST_10170,Hieronymus Bosch
TEST_10171,Leonardo da Vinci
TEST_10172,Alfred Sisley
TEST_10173,Paul Gauguin
TEST_10174,Leonardo da Vinci
TEST_10175,Pablo Picasso
TEST_10176,Amedeo Modigliani
TEST_10177,Titian
TEST_10178,Albrecht Du rer
TEST_10179,Claude Monet
TEST_10180,Jan van Eyck
TEST_10181,Francisco Goya
TEST_10182,Alfred Sisley
TEST_10183,Pieter Bruegel
TEST_10184,Vincent van Gogh
TEST_10185,Pieter Bruegel
TEST_10186,Diego Rivera
TEST_10187,Andy Warhol
TEST_10188,Jackson Pollock
TEST_10189,Albrecht Du rer
TEST_10190,Rene Magritte
TEST_10191,Francisco Goya
TEST_10192,Alfred Sisley
TEST_10193,Georges Seurat
TEST_10194,Andrei Rublev
TEST_10195,Paul Klee
TEST_10196,Vasiliy Kandinskiy
TEST_10197,Leonardo da Vinci
TEST_10198,Alfred Sisley
TEST_10199,Francisco Goya
TEST_10200,Albrecht Du rer
TEST_10201,Pablo Picasso
TEST_10202,Francisco Goya
TEST_10203,Jan van Eyck
TEST_10204,Leonardo da Vinci
TEST_10205,Hieronymus Bosch
TEST_10206,Gustav Klimt
TEST_10207,Pieter Bruegel
TEST_10208,Mikhail Vrubel
TEST_10209,Pieter Bruegel
TEST_10210,Titian
TEST_10211,Leonardo da Vinci
TEST_10212,Edgar Degas
TEST_10213,Pablo Picasso
TEST_10214,Mikhail Vrubel
TEST_10215,Leonardo da Vinci
TEST_10216,Salvador Dali
TEST_10217,Raphael
TEST_10218,Vincent van Gogh
TEST_10219,Kazimir Malevich
TEST_10220,Titian
TEST_10221,Vincent van Gogh
TEST_10222,Gustav Klimt
TEST_10223,Frida Kahlo
TEST_10224,Pablo Picasso
TEST_10225,Leonardo da Vinci
TEST_10226,Piet Mondrian
TEST_10227,Leonardo da Vinci
TEST_10228,Amedeo Modigliani
TEST_10229,Vincent van Gogh
TEST_10230,Camille Pissarro
TEST_10231,Piet Mondrian
TEST_10232,Hieronymus Bosch
TEST_10233,Vincent van Gogh
TEST_10234,Pierre-Auguste Renoir
TEST_10235,Pieter Bruegel
TEST_10236,El Greco
TEST_10237,Andy Warhol
TEST_10238,Albrecht Du rer
TEST_10239,Jan van Eyck
TEST_10240,Giotto di Bondone
TEST_10241,Jackson Pollock
TEST_10242,Pieter Bruegel
TEST_10243,Vincent van Gogh
TEST_10244,Jan van Eyck
TEST_10245,Francisco Goya
TEST_10246,Diego Rivera
TEST_10247,Leonardo da Vinci
TEST_10248,Francisco Goya
TEST_10249,Pieter Bruegel
TEST_10250,Leonardo da Vinci
TEST_10251,Leonardo da Vinci
TEST_10252,Peter Paul Rubens
TEST_10253,Andrei Rublev
TEST_10254,Diego Rivera
TEST_10255,William Turner
TEST_10256,Vincent van Gogh
TEST_10257,Rembrandt
TEST_10258,Alfred Sisley
TEST_10259,Caravaggio
TEST_10260,Leonardo da Vinci
TEST_10261,Paul Gauguin
TEST_10262,Gustav Klimt
TEST_10263,Francisco Goya
TEST_10264,Albrecht Du rer
TEST_10265,Paul Gauguin
TEST_10266,Caravaggio
TEST_10267,Leonardo da Vinci
TEST_10268,Georges Seurat
TEST_10269,Joan Miro
TEST_10270,Albrecht Du rer
TEST_10271,Pablo Picasso
TEST_10272,Gustav Klimt
TEST_10273,Albrecht Du rer
TEST_10274,Jackson Pollock
TEST_10275,Paul Gauguin
TEST_10276,Pierre-Auguste Renoir
TEST_10277,Pablo Picasso
TEST_10278,Mikhail Vrubel
TEST_10279,El Greco
TEST_10280,Albrecht Du rer
TEST_10281,Marc Chagall
TEST_10282,Vincent van Gogh
TEST_10283,Pieter Bruegel
TEST_10284,Albrecht Du rer
TEST_10285,Francisco Goya
TEST_10286,Pablo Picasso
TEST_10287,Rembrandt
TEST_10288,William Turner
TEST_10289,Paul Gauguin
TEST_10290,Piet Mondrian
TEST_10291,Peter Paul Rubens
TEST_10292,Vincent van Gogh
TEST_10293,El Greco
TEST_10294,Paul Gauguin
TEST_10295,Leonardo da Vinci
TEST_10296,Jan van Eyck
TEST_10297,Gustav Klimt
TEST_10298,Leonardo da Vinci
TEST_10299,Gustav Klimt
TEST_10300,Francisco Goya
TEST_10301,Leonardo da Vinci
TEST_10302,Paul Gauguin
TEST_10303,Alfred Sisley
TEST_10304,Marc Chagall
TEST_10305,Jan van Eyck
TEST_10306,Albrecht Du rer
TEST_10307,Andrei Rublev
TEST_10308,Leonardo da Vinci
TEST_10309,Paul Gauguin
TEST_10310,Vincent van Gogh
TEST_10311,Albrecht Du rer
TEST_10312,Vincent van Gogh
TEST_10313,Sandro Botticelli
TEST_10314,Vincent van Gogh
TEST_10315,Vincent van Gogh
TEST_10316,Leonardo da Vinci
TEST_10317,Alfred Sisley
TEST_10318,Paul Gauguin
TEST_10319,Giotto di Bondone
TEST_10320,Hieronymus Bosch
TEST_10321,Jan van Eyck
TEST_10322,Leonardo da Vinci
TEST_10323,Paul Gauguin
TEST_10324,Andy Warhol
TEST_10325,Caravaggio
TEST_10326,Albrecht Du rer
TEST_10327,Leonardo da Vinci
TEST_10328,Vincent van Gogh
TEST_10329,Francisco Goya
TEST_10330,Francisco Goya
TEST_10331,Rene Magritte
TEST_10332,Leonardo da Vinci
TEST_10333,El Greco
TEST_10334,Piet Mondrian
TEST_10335,Leonardo da Vinci
TEST_10336,Rembrandt
TEST_10337,Rene Magritte
TEST_10338,Leonardo da Vinci
TEST_10339,Giotto di Bondone
TEST_10340,Alfred Sisley
TEST_10341,Andrei Rublev
TEST_10342,Caravaggio
TEST_10343,Leonardo da Vinci
TEST_10344,Vincent van Gogh
TEST_10345,Albrecht Du rer
TEST_10346,Hieronymus Bosch
TEST_10347,Gustav Klimt
TEST_10348,Albrecht Du rer
TEST_10349,Rembrandt
TEST_10350,Francisco Goya
TEST_10351,Leonardo da Vinci
TEST_10352,Leonardo da Vinci
TEST_10353,Pierre-Auguste Renoir
TEST_10354,Paul Klee
TEST_10355,Vincent van Gogh
TEST_10356,Kazimir Malevich
TEST_10357,Pierre-Auguste Renoir
TEST_10358,Georges Seurat
TEST_10359,Marc Chagall
TEST_10360,Vincent van Gogh
TEST_10361,Leonardo da Vinci
TEST_10362,Pieter Bruegel
TEST_10363,Pablo Picasso
TEST_10364,Leonardo da Vinci
TEST_10365,Leonardo da Vinci
TEST_10366,Paul Gauguin
TEST_10367,Francisco Goya
TEST_10368,Titian
TEST_10369,Leonardo da Vinci
TEST_10370,Diego Rivera
TEST_10371,Pieter Bruegel
TEST_10372,Piet Mondrian
TEST_10373,Gustav Klimt
TEST_10374,Jan van Eyck
TEST_10375,Pierre-Auguste Renoir
TEST_10376,Alfred Sisley
TEST_10377,Paul Klee
TEST_10378,Albrecht Du rer
TEST_10379,Edgar Degas
TEST_10380,Kazimir Malevich
TEST_10381,Rene Magritte
TEST_10382,Leonardo da Vinci
TEST_10383,William Turner
TEST_10384,Joan Miro
TEST_10385,Vincent van Gogh
TEST_10386,Rene Magritte
TEST_10387,Paul Gauguin
TEST_10388,Vincent van Gogh
TEST_10389,Leonardo da Vinci
TEST_10390,Pieter Bruegel
TEST_10391,Francisco Goya
TEST_10392,William Turner
TEST_10393,Leonardo da Vinci
TEST_10394,Vincent van Gogh
TEST_10395,Jackson Pollock
TEST_10396,Vincent van Gogh
TEST_10397,Gustav Klimt
TEST_10398,Vincent van Gogh
TEST_10399,Albrecht Du rer
TEST_10400,El Greco
TEST_10401,Gustav Klimt
TEST_10402,Francisco Goya
TEST_10403,William Turner
TEST_10404,Pierre-Auguste Renoir
TEST_10405,Jan van Eyck
TEST_10406,Albrecht Du rer
TEST_10407,Pieter Bruegel
TEST_10408,Giotto di Bondone
TEST_10409,Pieter Bruegel
TEST_10410,Paul Gauguin
TEST_10411,Pieter Bruegel
TEST_10412,Albrecht Du rer
TEST_10413,Hieronymus Bosch
TEST_10414,Vincent van Gogh
TEST_10415,Frida Kahlo
TEST_10416,Albrecht Du rer
TEST_10417,Paul Klee
TEST_10418,Leonardo da Vinci
TEST_10419,Pierre-Auguste Renoir
TEST_10420,Rembrandt
TEST_10421,Pierre-Auguste Renoir
TEST_10422,Albrecht Du rer
TEST_10423,Jan van Eyck
TEST_10424,Giotto di Bondone
TEST_10425,Mikhail Vrubel
TEST_10426,Vincent van Gogh
TEST_10427,Diego Rivera
TEST_10428,Francisco Goya
TEST_10429,Pieter Bruegel
TEST_10430,Francisco Goya
TEST_10431,Titian
TEST_10432,Alfred Sisley
TEST_10433,Joan Miro
TEST_10434,Marc Chagall
TEST_10435,Francisco Goya
TEST_10436,Marc Chagall
TEST_10437,Jan van Eyck
TEST_10438,Leonardo da Vinci
TEST_10439,Rembrandt
TEST_10440,Frida Kahlo
TEST_10441,Paul Gauguin
TEST_10442,Pablo Picasso
TEST_10443,Piet Mondrian
TEST_10444,Kazimir Malevich
TEST_10445,Claude Monet
TEST_10446,Piet Mondrian
TEST_10447,Peter Paul Rubens
TEST_10448,Pablo Picasso
TEST_10449,Andrei Rublev
TEST_10450,Caravaggio
TEST_10451,Jan van Eyck
TEST_10452,Edgar Degas
TEST_10453,Leonardo da Vinci
TEST_10454,Leonardo da Vinci
TEST_10455,Pierre-Auguste Renoir
TEST_10456,Albrecht Du rer
TEST_10457,Leonardo da Vinci
TEST_10458,Caravaggio
TEST_10459,Vincent van Gogh
TEST_10460,Pierre-Auguste Renoir
TEST_10461,Piet Mondrian
TEST_10462,Paul Gauguin
TEST_10463,Francisco Goya
TEST_10464,Jan van Eyck
TEST_10465,Andrei Rublev
TEST_10466,Leonardo da Vinci
TEST_10467,Alfred Sisley
TEST_10468,William Turner
TEST_10469,Giotto di Bondone
TEST_10470,Claude Monet
TEST_10471,Leonardo da Vinci
TEST_10472,Leonardo da Vinci
TEST_10473,Pablo Picasso
TEST_10474,Salvador Dali
TEST_10475,Paul Gauguin
TEST_10476,Titian
TEST_10477,Leonardo da Vinci
TEST_10478,Vincent van Gogh
TEST_10479,Leonardo da Vinci
TEST_10480,Francisco Goya
TEST_10481,El Greco
TEST_10482,Francisco Goya
TEST_10483,Francisco Goya
TEST_10484,Gustav Klimt
TEST_10485,Francisco Goya
TEST_10486,Vincent van Gogh
TEST_10487,Albrecht Du rer
TEST_10488,Paul Klee
TEST_10489,Kazimir Malevich
TEST_10490,Francisco Goya
TEST_10491,Peter Paul Rubens
TEST_10492,Pieter Bruegel
TEST_10493,Piet Mondrian
TEST_10494,Jan van Eyck
TEST_10495,Jackson Pollock
TEST_10496,Piet Mondrian
TEST_10497,Pierre-Auguste Renoir
TEST_10498,El Greco
TEST_10499,Francisco Goya
TEST_10500,Paul Gauguin
TEST_10501,Sandro Botticelli
TEST_10502,Edgar Degas
TEST_10503,Francisco Goya
TEST_10504,Paul Klee
TEST_10505,Leonardo da Vinci
TEST_10506,Leonardo da Vinci
TEST_10507,Diego Rivera
TEST_10508,Andrei Rublev
TEST_10509,Pieter Bruegel
TEST_10510,Frida Kahlo
TEST_10511,Caravaggio
TEST_10512,Vincent van Gogh
TEST_10513,Camille Pissarro
TEST_10514,William Turner
TEST_10515,Vincent van Gogh
TEST_10516,Pieter Bruegel
TEST_10517,Jan van Eyck
TEST_10518,Vincent van Gogh
TEST_10519,Piet Mondrian
TEST_10520,Rembrandt
TEST_10521,Camille Pissarro
TEST_10522,Leonardo da Vinci
TEST_10523,Raphael
TEST_10524,Titian
TEST_10525,Sandro Botticelli
TEST_10526,Diego Rivera
TEST_10527,Pierre-Auguste Renoir
TEST_10528,Leonardo da Vinci
TEST_10529,Alfred Sisley
TEST_10530,Andy Warhol
TEST_10531,Frida Kahlo
TEST_10532,Francisco Goya
TEST_10533,Andrei Rublev
TEST_10534,Rembrandt
TEST_10535,Francisco Goya
TEST_10536,Leonardo da Vinci
TEST_10537,Marc Chagall
TEST_10538,Pieter Bruegel
TEST_10539,Pierre-Auguste Renoir
TEST_10540,Leonardo da Vinci
TEST_10541,Albrecht Du rer
TEST_10542,Diego Rivera
TEST_10543,Kazimir Malevich
TEST_10544,Albrecht Du rer
TEST_10545,Rene Magritte
TEST_10546,Rembrandt
TEST_10547,Peter Paul Rubens
TEST_10548,Titian
TEST_10549,Albrecht Du rer
TEST_10550,Pierre-Auguste Renoir
TEST_10551,Paul Klee
TEST_10552,Salvador Dali
TEST_10553,Salvador Dali
TEST_10554,Vincent van Gogh
TEST_10555,Pieter Bruegel
TEST_10556,William Turner
TEST_10557,El Greco
TEST_10558,Albrecht Du rer
TEST_10559,Vincent van Gogh
TEST_10560,Peter Paul Rubens
TEST_10561,Albrecht Du rer
TEST_10562,Pierre-Auguste Renoir
TEST_10563,Gustav Klimt
TEST_10564,Sandro Botticelli
TEST_10565,Gustav Klimt
TEST_10566,El Greco
TEST_10567,Sandro Botticelli
TEST_10568,Albrecht Du rer
TEST_10569,Pieter Bruegel
TEST_10570,Leonardo da Vinci
TEST_10571,El Greco
TEST_10572,Rene Magritte
TEST_10573,Sandro Botticelli
TEST_10574,Leonardo da Vinci
TEST_10575,Pieter Bruegel
TEST_10576,Pablo Picasso
TEST_10577,Albrecht Du rer
TEST_10578,Vincent van Gogh
TEST_10579,Vincent van Gogh
TEST_10580,Leonardo da Vinci
TEST_10581,Peter Paul Rubens
TEST_10582,Vincent van Gogh
TEST_10583,Pieter Bruegel
TEST_10584,Albrecht Du rer
TEST_10585,Leonardo da Vinci
TEST_10586,Albrecht Du rer
TEST_10587,El Greco
TEST_10588,Rene Magritte
TEST_10589,Kazimir Malevich
TEST_10590,Camille Pissarro
TEST_10591,El Greco
TEST_10592,Amedeo Modigliani
TEST_10593,Paul Gauguin
TEST_10594,Marc Chagall
TEST_10595,Pierre-Auguste Renoir
TEST_10596,Diego Rivera
TEST_10597,Vincent van Gogh
TEST_10598,Albrecht Du rer
TEST_10599,Leonardo da Vinci
TEST_10600,Frida Kahlo
TEST_10601,Andrei Rublev
TEST_10602,El Greco
TEST_10603,Sandro Botticelli
TEST_10604,Vincent van Gogh
TEST_10605,Vincent van Gogh
TEST_10606,Vincent van Gogh
TEST_10607,Kazimir Malevich
TEST_10608,Rene Magritte
TEST_10609,Leonardo da Vinci
TEST_10610,Pieter Bruegel
TEST_10611,Kazimir Malevich
TEST_10612,Amedeo Modigliani
TEST_10613,Pierre-Auguste Renoir
TEST_10614,Sandro Botticelli
TEST_10615,Giotto di Bondone
TEST_10616,Giotto di Bondone
TEST_10617,Piet Mondrian
TEST_10618,Gustav Klimt
TEST_10619,Pablo Picasso
TEST_10620,Francisco Goya
TEST_10621,Francisco Goya
TEST_10622,Francisco Goya
TEST_10623,Jan van Eyck
TEST_10624,Leonardo da Vinci
TEST_10625,Paul Klee
TEST_10626,Mikhail Vrubel
TEST_10627,Vincent van Gogh
TEST_10628,Paul Klee
TEST_10629,Andrei Rublev
TEST_10630,Alfred Sisley
TEST_10631,Pierre-Auguste Renoir
TEST_10632,Piet Mondrian
TEST_10633,Kazimir Malevich
TEST_10634,Pieter Bruegel
TEST_10635,Leonardo da Vinci
TEST_10636,El Greco
TEST_10637,Peter Paul Rubens
TEST_10638,Titian
TEST_10639,Andrei Rublev
TEST_10640,Kazimir Malevich
TEST_10641,Diego Rivera
TEST_10642,Paul Klee
TEST_10643,Pablo Picasso
TEST_10644,Pieter Bruegel
TEST_10645,Albrecht Du rer
TEST_10646,Vincent van Gogh
TEST_10647,Titian
TEST_10648,Gustav Klimt
TEST_10649,Pierre-Auguste Renoir
TEST_10650,Francisco Goya
TEST_10651,Piet Mondrian
TEST_10652,Andrei Rublev
TEST_10653,Gustav Klimt
TEST_10654,Marc Chagall
TEST_10655,Albrecht Du rer
TEST_10656,Jan van Eyck
TEST_10657,Marc Chagall
TEST_10658,Leonardo da Vinci
TEST_10659,Leonardo da Vinci
TEST_10660,Jan van Eyck
TEST_10661,Vincent van Gogh
TEST_10662,Vincent van Gogh
TEST_10663,Leonardo da Vinci
TEST_10664,Alfred Sisley
TEST_10665,Gustave Courbet
TEST_10666,Vincent van Gogh
TEST_10667,Albrecht Du rer
TEST_10668,El Greco
TEST_10669,Jan van Eyck
TEST_10670,Leonardo da Vinci
TEST_10671,Francisco Goya
TEST_10672,Pieter Bruegel
TEST_10673,William Turner
TEST_10674,Rene Magritte
TEST_10675,Jackson Pollock
TEST_10676,Pablo Picasso
TEST_10677,Pierre-Auguste Renoir
TEST_10678,Peter Paul Rubens
TEST_10679,Jan van Eyck
TEST_10680,Titian
TEST_10681,Paul Gauguin
TEST_10682,Diego Rivera
TEST_10683,William Turner
TEST_10684,Pieter Bruegel
TEST_10685,Albrecht Du rer
TEST_10686,Francisco Goya
TEST_10687,Albrecht Du rer
TEST_10688,Jackson Pollock
TEST_10689,Leonardo da Vinci
TEST_10690,Gustav Klimt
TEST_10691,Claude Monet
TEST_10692,Andy Warhol
TEST_10693,Albrecht Du rer
TEST_10694,Mikhail Vrubel
TEST_10695,Vincent van Gogh
TEST_10696,Marc Chagall
TEST_10697,Kazimir Malevich
TEST_10698,Pieter Bruegel
TEST_10699,Pieter Bruegel
TEST_10700,Albrecht Du rer
TEST_10701,Leonardo da Vinci
TEST_10702,Andy Warhol
TEST_10703,Caravaggio
TEST_10704,Peter Paul Rubens
TEST_10705,Rembrandt
TEST_10706,Salvador Dali
TEST_10707,Peter Paul Rubens
TEST_10708,Albrecht Du rer
TEST_10709,Amedeo Modigliani
TEST_10710,Sandro Botticelli
TEST_10711,Hieronymus Bosch
TEST_10712,Jan van Eyck
TEST_10713,Amedeo Modigliani
TEST_10714,Pieter Bruegel
TEST_10715,Jan van Eyck
TEST_10716,Albrecht Du rer
TEST_10717,Leonardo da Vinci
TEST_10718,Gustav Klimt
TEST_10719,El Greco
TEST_10720,Andy Warhol
TEST_10721,Paul Gauguin
TEST_10722,Alfred Sisley
TEST_10723,Rembrandt
TEST_10724,Francisco Goya
TEST_10725,Pieter Bruegel
TEST_10726,Andrei Rublev
TEST_10727,Leonardo da Vinci
TEST_10728,Peter Paul Rubens
TEST_10729,Camille Pissarro
TEST_10730,Pablo Picasso
TEST_10731,Salvador Dali
TEST_10732,Rene Magritte
TEST_10733,Kazimir Malevich
TEST_10734,Pierre-Auguste Renoir
TEST_10735,Gustav Klimt
TEST_10736,Jan van Eyck
TEST_10737,Vincent van Gogh
TEST_10738,El Greco
TEST_10739,Piet Mondrian
TEST_10740,Titian
TEST_10741,Peter Paul Rubens
TEST_10742,Caravaggio
TEST_10743,Camille Pissarro
TEST_10744,Leonardo da Vinci
TEST_10745,Jan van Eyck
TEST_10746,Peter Paul Rubens
TEST_10747,Camille Pissarro
TEST_10748,Francisco Goya
TEST_10749,Albrecht Du rer
TEST_10750,Peter Paul Rubens
TEST_10751,Gustav Klimt
TEST_10752,Mikhail Vrubel
TEST_10753,Albrecht Du rer
TEST_10754,Paul Gauguin
TEST_10755,Gustav Klimt
TEST_10756,Raphael
TEST_10757,Edgar Degas
TEST_10758,Pieter Bruegel
TEST_10759,Vincent van Gogh
TEST_10760,Paul Gauguin
TEST_10761,Alfred Sisley
TEST_10762,Salvador Dali
TEST_10763,Paul Gauguin
TEST_10764,Rene Magritte
TEST_10765,Francisco Goya
TEST_10766,Paul Gauguin
TEST_10767,Salvador Dali
TEST_10768,Paul Klee
TEST_10769,Pierre-Auguste Renoir
TEST_10770,Jan van Eyck
TEST_10771,Paul Klee
TEST_10772,Albrecht Du rer
TEST_10773,Kazimir Malevich
TEST_10774,Vincent van Gogh
TEST_10775,Giotto di Bondone
TEST_10776,Paul Gauguin
TEST_10777,Francisco Goya
TEST_10778,Camille Pissarro
TEST_10779,Frida Kahlo
TEST_10780,Jan van Eyck
TEST_10781,Leonardo da Vinci
TEST_10782,Peter Paul Rubens
TEST_10783,Vincent van Gogh
TEST_10784,Rene Magritte
TEST_10785,Camille Pissarro
TEST_10786,Paul Gauguin
TEST_10787,Albrecht Du rer
TEST_10788,Pierre-Auguste Renoir
TEST_10789,Claude Monet
TEST_10790,Andy Warhol
TEST_10791,Pierre-Auguste Renoir
TEST_10792,Alfred Sisley
TEST_10793,Piet Mondrian
TEST_10794,Francisco Goya
TEST_10795,Francisco Goya
TEST_10796,Jan van Eyck
TEST_10797,Salvador Dali
TEST_10798,Jackson Pollock
TEST_10799,Leonardo da Vinci
TEST_10800,Pieter Bruegel
TEST_10801,Vincent van Gogh
TEST_10802,William Turner
TEST_10803,Camille Pissarro
TEST_10804,Jan van Eyck
TEST_10805,Leonardo da Vinci
TEST_10806,William Turner
TEST_10807,Titian
TEST_10808,Peter Paul Rubens
TEST_10809,Albrecht Du rer
TEST_10810,Rene Magritte
TEST_10811,Paul Gauguin
TEST_10812,Camille Pissarro
TEST_10813,Kazimir Malevich
TEST_10814,Hieronymus Bosch
TEST_10815,Jackson Pollock
TEST_10816,Piet Mondrian
TEST_10817,Leonardo da Vinci
TEST_10818,Albrecht Du rer
TEST_10819,Frida Kahlo
TEST_10820,Gustav Klimt
TEST_10821,Albrecht Du rer
TEST_10822,Gustav Klimt
TEST_10823,Sandro Botticelli
TEST_10824,Vincent van Gogh
TEST_10825,Leonardo da Vinci
TEST_10826,Rene Magritte
TEST_10827,Vincent van Gogh
TEST_10828,Camille Pissarro
TEST_10829,Mikhail Vrubel
TEST_10830,Andy Warhol
TEST_10831,Pieter Bruegel
TEST_10832,Albrecht Du rer
TEST_10833,Jan van Eyck
TEST_10834,Pablo Picasso
TEST_10835,Paul Gauguin
TEST_10836,Pieter Bruegel
TEST_10837,Alfred Sisley
TEST_10838,Albrecht Du rer
TEST_10839,Pieter Bruegel
TEST_10840,Pieter Bruegel
TEST_10841,Pieter Bruegel
TEST_10842,Peter Paul Rubens
TEST_10843,Jan van Eyck
TEST_10844,Henri de Toulouse-Lautrec
TEST_10845,Albrecht Du rer
TEST_10846,Andy Warhol
TEST_10847,Edouard Manet
TEST_10848,Francisco Goya
TEST_10849,Albrecht Du rer
TEST_10850,Pierre-Auguste Renoir
TEST_10851,Titian
TEST_10852,Paul Klee
TEST_10853,Vincent van Gogh
TEST_10854,Gustav Klimt
TEST_10855,Albrecht Du rer
TEST_10856,Giotto di Bondone
TEST_10857,Hieronymus Bosch
TEST_10858,Peter Paul Rubens
TEST_10859,Pieter Bruegel
TEST_10860,Pieter Bruegel
TEST_10861,Salvador Dali
TEST_10862,Francisco Goya
TEST_10863,Jan van Eyck
TEST_10864,Albrecht Du rer
TEST_10865,Titian
TEST_10866,Salvador Dali
TEST_10867,Leonardo da Vinci
TEST_10868,Rene Magritte
TEST_10869,Peter Paul Rubens
TEST_10870,Gustav Klimt
TEST_10871,Leonardo da Vinci
TEST_10872,Gustav Klimt
TEST_10873,Peter Paul Rubens
TEST_10874,Pablo Picasso
TEST_10875,Vincent van Gogh
TEST_10876,Paul Gauguin
TEST_10877,Francisco Goya
TEST_10878,Leonardo da Vinci
TEST_10879,Pieter Bruegel
TEST_10880,Andy Warhol
TEST_10881,Peter Paul Rubens
TEST_10882,Jan van Eyck
TEST_10883,Pierre-Auguste Renoir
TEST_10884,Giotto di Bondone
TEST_10885,Vincent van Gogh
TEST_10886,Paul Gauguin
TEST_10887,Francisco Goya
TEST_10888,Caravaggio
TEST_10889,Kazimir Malevich
TEST_10890,Francisco Goya
TEST_10891,Piet Mondrian
TEST_10892,Rembrandt
TEST_10893,Gustav Klimt
TEST_10894,Giotto di Bondone
TEST_10895,Albrecht Du rer
TEST_10896,Diego Rivera
TEST_10897,Rene Magritte
TEST_10898,Gustav Klimt
TEST_10899,Albrecht Du rer
TEST_10900,Diego Rivera
TEST_10901,Marc Chagall
TEST_10902,Albrecht Du rer
TEST_10903,Joan Miro
TEST_10904,Leonardo da Vinci
TEST_10905,Mikhail Vrubel
TEST_10906,Giotto di Bondone
TEST_10907,Pieter Bruegel
TEST_10908,Pierre-Auguste Renoir
TEST_10909,Kazimir Malevich
TEST_10910,Albrecht Du rer
TEST_10911,Gustav Klimt
TEST_10912,William Turner
TEST_10913,Camille Pissarro
TEST_10914,Pierre-Auguste Renoir
TEST_10915,Frida Kahlo
TEST_10916,Vincent van Gogh
TEST_10917,Leonardo da Vinci
TEST_10918,Joan Miro
TEST_10919,Caravaggio
TEST_10920,Jackson Pollock
TEST_10921,El Greco
TEST_10922,Joan Miro
TEST_10923,Leonardo da Vinci
TEST_10924,Amedeo Modigliani
TEST_10925,Pierre-Auguste Renoir
TEST_10926,Pieter Bruegel
TEST_10927,Francisco Goya
TEST_10928,Diego Rivera
TEST_10929,Albrecht Du rer
TEST_10930,Peter Paul Rubens
TEST_10931,Peter Paul Rubens
TEST_10932,Francisco Goya
TEST_10933,Pablo Picasso
TEST_10934,Leonardo da Vinci
TEST_10935,Jackson Pollock
TEST_10936,Albrecht Du rer
TEST_10937,William Turner
TEST_10938,Giotto di Bondone
TEST_10939,Alfred Sisley
TEST_10940,Pablo Picasso
TEST_10941,Pierre-Auguste Renoir
TEST_10942,Pierre-Auguste Renoir
TEST_10943,Kazimir Malevich
TEST_10944,Leonardo da Vinci
TEST_10945,Claude Monet
TEST_10946,Jan van Eyck
TEST_10947,Francisco Goya
TEST_10948,Pierre-Auguste Renoir
TEST_10949,Leonardo da Vinci
TEST_10950,Leonardo da Vinci
TEST_10951,Leonardo da Vinci
TEST_10952,Vincent van Gogh
TEST_10953,Raphael
TEST_10954,Leonardo da Vinci
TEST_10955,Albrecht Du rer
TEST_10956,Hieronymus Bosch
TEST_10957,Pieter Bruegel
TEST_10958,Jan van Eyck
TEST_10959,Leonardo da Vinci
TEST_10960,Paul Klee
TEST_10961,Andy Warhol
TEST_10962,Marc Chagall
TEST_10963,Leonardo da Vinci
TEST_10964,Vincent van Gogh
TEST_10965,Amedeo Modigliani
TEST_10966,Diego Rivera
TEST_10967,El Greco
TEST_10968,Francisco Goya
TEST_10969,Rene Magritte
TEST_10970,Rembrandt
TEST_10971,Paul Gauguin
TEST_10972,Vincent van Gogh
TEST_10973,Alfred Sisley
TEST_10974,Jan van Eyck
TEST_10975,Pieter Bruegel
TEST_10976,Piet Mondrian
TEST_10977,Jan van Eyck
TEST_10978,Vasiliy Kandinskiy
TEST_10979,Albrecht Du rer
TEST_10980,Leonardo da Vinci
TEST_10981,Jan van Eyck
TEST_10982,El Greco
TEST_10983,Pieter Bruegel
TEST_10984,Albrecht Du rer
TEST_10985,Leonardo da Vinci
TEST_10986,Vincent van Gogh
TEST_10987,Pierre-Auguste Renoir
TEST_10988,Giotto di Bondone
TEST_10989,Mikhail Vrubel
TEST_10990,Paul Gauguin
TEST_10991,Albrecht Du rer
TEST_10992,Vincent van Gogh
TEST_10993,Sandro Botticelli
TEST_10994,Georges Seurat
TEST_10995,Jan van Eyck
TEST_10996,Paul Klee
TEST_10997,Francisco Goya
TEST_10998,Raphael
TEST_10999,Francisco Goya
TEST_11000,Francisco Goya
TEST_11001,Leonardo da Vinci
TEST_11002,Piet Mondrian
TEST_11003,Giotto di Bondone
TEST_11004,Paul Gauguin
TEST_11005,Kazimir Malevich
TEST_11006,Francisco Goya
TEST_11007,Vincent van Gogh
TEST_11008,Sandro Botticelli
TEST_11009,Leonardo da Vinci
TEST_11010,Rembrandt
TEST_11011,Pierre-Auguste Renoir
TEST_11012,Vincent van Gogh
TEST_11013,Jan van Eyck
TEST_11014,Sandro Botticelli
TEST_11015,Marc Chagall
TEST_11016,Piet Mondrian
TEST_11017,Hieronymus Bosch
TEST_11018,Henri Matisse
TEST_11019,Peter Paul Rubens
TEST_11020,Pablo Picasso
TEST_11021,Diego Rivera
TEST_11022,Diego Rivera
TEST_11023,Giotto di Bondone
TEST_11024,Vincent van Gogh
TEST_11025,Hieronymus Bosch
TEST_11026,Frida Kahlo
TEST_11027,Joan Miro
TEST_11028,El Greco
TEST_11029,Pierre-Auguste Renoir
TEST_11030,Andrei Rublev
TEST_11031,Jan van Eyck
TEST_11032,Gustav Klimt
TEST_11033,El Greco
TEST_11034,Georges Seurat
TEST_11035,Titian
TEST_11036,Vincent van Gogh
TEST_11037,Alfred Sisley
TEST_11038,Vincent van Gogh
TEST_11039,Pieter Bruegel
TEST_11040,Claude Monet
TEST_11041,Rene Magritte
TEST_11042,Jan van Eyck
TEST_11043,William Turner
TEST_11044,Pieter Bruegel
TEST_11045,Camille Pissarro
TEST_11046,Titian
TEST_11047,Vincent van Gogh
TEST_11048,Pablo Picasso
TEST_11049,Vincent van Gogh
TEST_11050,Giotto di Bondone
TEST_11051,Paul Klee
TEST_11052,Frida Kahlo
TEST_11053,Pierre-Auguste Renoir
TEST_11054,Raphael
TEST_11055,Paul Gauguin
TEST_11056,Kazimir Malevich
TEST_11057,Kazimir Malevich
TEST_11058,Edgar Degas
TEST_11059,Jan van Eyck
TEST_11060,Salvador Dali
TEST_11061,Leonardo da Vinci
TEST_11062,Vincent van Gogh
TEST_11063,Gustav Klimt
TEST_11064,Alfred Sisley
TEST_11065,Salvador Dali
TEST_11066,Mikhail Vrubel
TEST_11067,Gustav Klimt
TEST_11068,Jan van Eyck
TEST_11069,Albrecht Du rer
TEST_11070,Pablo Picasso
TEST_11071,Vincent van Gogh
TEST_11072,Francisco Goya
TEST_11073,Andy Warhol
TEST_11074,William Turner
TEST_11075,Francisco Goya
TEST_11076,Gustave Courbet
TEST_11077,Vincent van Gogh
TEST_11078,Pablo Picasso
TEST_11079,Vasiliy Kandinskiy
TEST_11080,Paul Gauguin
TEST_11081,Jan van Eyck
TEST_11082,Piet Mondrian
TEST_11083,Pieter Bruegel
TEST_11084,Diego Rivera
TEST_11085,Titian
TEST_11086,Mikhail Vrubel
TEST_11087,Amedeo Modigliani
TEST_11088,Andy Warhol
TEST_11089,Sandro Botticelli
TEST_11090,Pieter Bruegel
TEST_11091,Kazimir Malevich
TEST_11092,Pierre-Auguste Renoir
TEST_11093,Paul Gauguin
TEST_11094,Hieronymus Bosch
TEST_11095,Leonardo da Vinci
TEST_11096,Salvador Dali
TEST_11097,Leonardo da Vinci
TEST_11098,Mikhail Vrubel
TEST_11099,Paul Klee
TEST_11100,Camille Pissarro
TEST_11101,Marc Chagall
TEST_11102,Francisco Goya
TEST_11103,Salvador Dali
TEST_11104,Leonardo da Vinci
TEST_11105,Pieter Bruegel
TEST_11106,Leonardo da Vinci
TEST_11107,Albrecht Du rer
TEST_11108,Titian
TEST_11109,Pierre-Auguste Renoir
TEST_11110,Albrecht Du rer
TEST_11111,Paul Gauguin
TEST_11112,Rene Magritte
TEST_11113,Vincent van Gogh
TEST_11114,Caravaggio
TEST_11115,Rembrandt
TEST_11116,Paul Klee
TEST_11117,Jan van Eyck
TEST_11118,Pieter Bruegel
TEST_11119,Pieter Bruegel
TEST_11120,Pablo Picasso
TEST_11121,Albrecht Du rer
TEST_11122,Alfred Sisley
TEST_11123,Andrei Rublev
TEST_11124,Vincent van Gogh
TEST_11125,Francisco Goya
TEST_11126,Frida Kahlo
TEST_11127,Vincent van Gogh
TEST_11128,Camille Pissarro
TEST_11129,Albrecht Du rer
TEST_11130,Frida Kahlo
TEST_11131,Pierre-Auguste Renoir
TEST_11132,Marc Chagall
TEST_11133,Paul Gauguin
TEST_11134,Kazimir Malevich
TEST_11135,Jan van Eyck
TEST_11136,Diego Rivera
TEST_11137,Alfred Sisley
TEST_11138,Marc Chagall
TEST_11139,Francisco Goya
TEST_11140,William Turner
TEST_11141,Albrecht Du rer
TEST_11142,Pieter Bruegel
TEST_11143,Alfred Sisley
TEST_11144,Leonardo da Vinci
TEST_11145,Peter Paul Rubens
TEST_11146,Francisco Goya
TEST_11147,Henri Matisse
TEST_11148,Albrecht Du rer
TEST_11149,Paul Gauguin
TEST_11150,Paul Klee
TEST_11151,Leonardo da Vinci
TEST_11152,Andrei Rublev
TEST_11153,Piet Mondrian
TEST_11154,Georges Seurat
TEST_11155,Claude Monet
TEST_11156,Diego Rivera
TEST_11157,Francisco Goya
TEST_11158,Edgar Degas
TEST_11159,Georges Seurat
TEST_11160,Titian
TEST_11161,Leonardo da Vinci
TEST_11162,Sandro Botticelli
TEST_11163,Paul Cezanne
TEST_11164,Leonardo da Vinci
TEST_11165,Frida Kahlo
TEST_11166,Frida Kahlo
TEST_11167,Titian
TEST_11168,Mikhail Vrubel
TEST_11169,Francisco Goya
TEST_11170,Vincent van Gogh
TEST_11171,Vincent van Gogh
TEST_11172,Andy Warhol
TEST_11173,Andrei Rublev
TEST_11174,Jan van Eyck
TEST_11175,Camille Pissarro
TEST_11176,Rene Magritte
TEST_11177,Rene Magritte
TEST_11178,Albrecht Du rer
TEST_11179,Rene Magritte
TEST_11180,Vincent van Gogh
TEST_11181,Pablo Picasso
TEST_11182,Pablo Picasso
TEST_11183,Gustav Klimt
TEST_11184,Paul Gauguin
TEST_11185,Pierre-Auguste Renoir
TEST_11186,Jan van Eyck
TEST_11187,Paul Gauguin
TEST_11188,Rene Magritte
TEST_11189,Pieter Bruegel
TEST_11190,Pieter Bruegel
TEST_11191,Piet Mondrian
TEST_11192,William Turner
TEST_11193,Kazimir Malevich
TEST_11194,Andy Warhol
TEST_11195,Pierre-Auguste Renoir
TEST_11196,Leonardo da Vinci
TEST_11197,Vincent van Gogh
TEST_11198,William Turner
TEST_11199,Leonardo da Vinci
TEST_11200,Titian
TEST_11201,Claude Monet
TEST_11202,El Greco
TEST_11203,Alfred Sisley
TEST_11204,Vincent van Gogh
TEST_11205,Albrecht Du rer
TEST_11206,Rembrandt
TEST_11207,Peter Paul Rubens
TEST_11208,Francisco Goya
TEST_11209,Jan van Eyck
TEST_11210,Vincent van Gogh
TEST_11211,Paul Gauguin
TEST_11212,Paul Gauguin
TEST_11213,Leonardo da Vinci
TEST_11214,Pieter Bruegel
TEST_11215,Leonardo da Vinci
TEST_11216,Rene Magritte
TEST_11217,Gustav Klimt
TEST_11218,Claude Monet
TEST_11219,Rene Magritte
TEST_11220,Joan Miro
TEST_11221,Leonardo da Vinci
TEST_11222,Gustav Klimt
TEST_11223,Albrecht Du rer
TEST_11224,Andy Warhol
TEST_11225,Camille Pissarro
TEST_11226,Kazimir Malevich
TEST_11227,Pieter Bruegel
TEST_11228,El Greco
TEST_11229,Jackson Pollock
TEST_11230,Albrecht Du rer
TEST_11231,Paul Klee
TEST_11232,Camille Pissarro
TEST_11233,Vincent van Gogh
TEST_11234,Andrei Rublev
TEST_11235,Paul Gauguin
TEST_11236,Rene Magritte
TEST_11237,Vincent van Gogh
TEST_11238,Piet Mondrian
TEST_11239,Vincent van Gogh
TEST_11240,Peter Paul Rubens
TEST_11241,El Greco
TEST_11242,Andrei Rublev
TEST_11243,Giotto di Bondone
TEST_11244,Pieter Bruegel
TEST_11245,Hieronymus Bosch
TEST_11246,Vincent van Gogh
TEST_11247,Jackson Pollock
TEST_11248,Pierre-Auguste Renoir
TEST_11249,Albrecht Du rer
TEST_11250,Paul Gauguin
TEST_11251,Albrecht Du rer
TEST_11252,Rembrandt
TEST_11253,Vincent van Gogh
TEST_11254,Salvador Dali
TEST_11255,Leonardo da Vinci
TEST_11256,Salvador Dali
TEST_11257,Frida Kahlo
TEST_11258,Andrei Rublev
TEST_11259,Henri Matisse
TEST_11260,Pieter Bruegel
TEST_11261,Francisco Goya
TEST_11262,Frida Kahlo
TEST_11263,Albrecht Du rer
TEST_11264,Peter Paul Rubens
TEST_11265,Piet Mondrian
TEST_11266,Paul Klee
TEST_11267,Edgar Degas
TEST_11268,Marc Chagall
TEST_11269,Paul Gauguin
TEST_11270,Paul Gauguin
TEST_11271,Albrecht Du rer
TEST_11272,Albrecht Du rer
TEST_11273,Marc Chagall
TEST_11274,Salvador Dali
TEST_11275,Paul Gauguin
TEST_11276,Leonardo da Vinci
TEST_11277,Albrecht Du rer
TEST_11278,Sandro Botticelli
TEST_11279,Titian
TEST_11280,William Turner
TEST_11281,Jackson Pollock
TEST_11282,Leonardo da Vinci
TEST_11283,Andy Warhol
TEST_11284,Francisco Goya
TEST_11285,Kazimir Malevich
TEST_11286,Paul Klee
TEST_11287,Leonardo da Vinci
TEST_11288,Leonardo da Vinci
TEST_11289,Andrei Rublev
TEST_11290,Francisco Goya
TEST_11291,Salvador Dali
TEST_11292,Vincent van Gogh
TEST_11293,Vincent van Gogh
TEST_11294,Vincent van Gogh
TEST_11295,Rembrandt
TEST_11296,Pierre-Auguste Renoir
TEST_11297,Paul Klee
TEST_11298,Kazimir Malevich
TEST_11299,Gustav Klimt
TEST_11300,Jackson Pollock
TEST_11301,Pieter Bruegel
TEST_11302,Jan van Eyck
TEST_11303,Jan van Eyck
TEST_11304,Paul Gauguin
TEST_11305,Vincent van Gogh
TEST_11306,Vincent van Gogh
TEST_11307,Paul Gauguin
TEST_11308,Jackson Pollock
TEST_11309,Vincent van Gogh
TEST_11310,Peter Paul Rubens
TEST_11311,Vincent van Gogh
TEST_11312,Leonardo da Vinci
TEST_11313,Gustav Klimt
TEST_11314,Pierre-Auguste Renoir
TEST_11315,Pierre-Auguste Renoir
TEST_11316,Pieter Bruegel
TEST_11317,Mikhail Vrubel
TEST_11318,Albrecht Du rer
TEST_11319,Vincent van Gogh
TEST_11320,Leonardo da Vinci
TEST_11321,Giotto di Bondone
TEST_11322,Paul Klee
TEST_11323,Mikhail Vrubel
TEST_11324,Pierre-Auguste Renoir
TEST_11325,Gustave Courbet
TEST_11326,Albrecht Du rer
TEST_11327,Georges Seurat
TEST_11328,Jan van Eyck
TEST_11329,Francisco Goya
TEST_11330,Paul Klee
TEST_11331,Paul Klee
TEST_11332,Caravaggio
TEST_11333,Peter Paul Rubens
TEST_11334,Gustav Klimt
TEST_11335,Pablo Picasso
TEST_11336,Marc Chagall
TEST_11337,Leonardo da Vinci
TEST_11338,Jan van Eyck
TEST_11339,Sandro Botticelli
TEST_11340,Paul Gauguin
TEST_11341,Francisco Goya
TEST_11342,Pierre-Auguste Renoir
TEST_11343,Georges Seurat
TEST_11344,Titian
TEST_11345,Leonardo da Vinci
TEST_11346,Jackson Pollock
TEST_11347,Vincent van Gogh
TEST_11348,Francisco Goya
TEST_11349,Albrecht Du rer
TEST_11350,Jackson Pollock
TEST_11351,El Greco
TEST_11352,Albrecht Du rer
TEST_11353,Francisco Goya
TEST_11354,Francisco Goya
TEST_11355,Frida Kahlo
TEST_11356,Jackson Pollock
TEST_11357,Paul Klee
TEST_11358,Sandro Botticelli
TEST_11359,Titian
TEST_11360,Gustav Klimt
TEST_11361,Paul Gauguin
TEST_11362,Camille Pissarro
TEST_11363,Pierre-Auguste Renoir
TEST_11364,Rembrandt
TEST_11365,Francisco Goya
TEST_11366,Camille Pissarro
TEST_11367,Leonardo da Vinci
TEST_11368,Albrecht Du rer
TEST_11369,Pierre-Auguste Renoir
TEST_11370,William Turner
TEST_11371,Edgar Degas
TEST_11372,Paul Gauguin
TEST_11373,Paul Gauguin
TEST_11374,Albrecht Du rer
TEST_11375,Jan van Eyck
TEST_11376,Jan van Eyck
TEST_11377,Kazimir Malevich
TEST_11378,William Turner
TEST_11379,Pierre-Auguste Renoir
TEST_11380,El Greco
TEST_11381,Pierre-Auguste Renoir
TEST_11382,Pieter Bruegel
TEST_11383,Vincent van Gogh
TEST_11384,Pieter Bruegel
TEST_11385,Salvador Dali
TEST_11386,Diego Rivera
TEST_11387,Vincent van Gogh
TEST_11388,El Greco
TEST_11389,Diego Velazquez
TEST_11390,Paul Klee
TEST_11391,Leonardo da Vinci
TEST_11392,Albrecht Du rer
TEST_11393,Francisco Goya
TEST_11394,Francisco Goya
TEST_11395,Gustav Klimt
TEST_11396,Andy Warhol
TEST_11397,Francisco Goya
TEST_11398,Pieter Bruegel
TEST_11399,Francisco Goya
TEST_11400,Francisco Goya
TEST_11401,Peter Paul Rubens
TEST_11402,Jan van Eyck
TEST_11403,Camille Pissarro
TEST_11404,Jan van Eyck
TEST_11405,Peter Paul Rubens
TEST_11406,Andy Warhol
TEST_11407,Jackson Pollock
TEST_11408,Pablo Picasso
TEST_11409,Francisco Goya
TEST_11410,Marc Chagall
TEST_11411,Diego Velazquez
TEST_11412,Eugene Delacroix
TEST_11413,Francisco Goya
TEST_11414,Giotto di Bondone
TEST_11415,Joan Miro
TEST_11416,Pierre-Auguste Renoir
TEST_11417,Leonardo da Vinci
TEST_11418,Joan Miro
TEST_11419,Alfred Sisley
TEST_11420,Vincent van Gogh
TEST_11421,Jan van Eyck
TEST_11422,Albrecht Du rer
TEST_11423,Georges Seurat
TEST_11424,Jan van Eyck
TEST_11425,William Turner
TEST_11426,Jan van Eyck
TEST_11427,Vincent van Gogh
TEST_11428,Francisco Goya
TEST_11429,Peter Paul Rubens
TEST_11430,Gustave Courbet
TEST_11431,Amedeo Modigliani
TEST_11432,Salvador Dali
TEST_11433,Jan van Eyck
TEST_11434,Paul Gauguin
TEST_11435,Caravaggio
TEST_11436,Camille Pissarro
TEST_11437,Pieter Bruegel
TEST_11438,Claude Monet
TEST_11439,Pablo Picasso
TEST_11440,Alfred Sisley
TEST_11441,Camille Pissarro
TEST_11442,El Greco
TEST_11443,Titian
TEST_11444,Leonardo da Vinci
TEST_11445,Albrecht Du rer
TEST_11446,Paul Klee
TEST_11447,Rembrandt
TEST_11448,Vincent van Gogh
TEST_11449,Vincent van Gogh
TEST_11450,El Greco
TEST_11451,Salvador Dali
TEST_11452,Francisco Goya
TEST_11453,Paul Klee
TEST_11454,Hieronymus Bosch
TEST_11455,Paul Klee
TEST_11456,Peter Paul Rubens
TEST_11457,Albrecht Du rer
TEST_11458,Georges Seurat
TEST_11459,Mikhail Vrubel
TEST_11460,Albrecht Du rer
TEST_11461,Titian
TEST_11462,Jan van Eyck
TEST_11463,Rembrandt
TEST_11464,Vincent van Gogh
TEST_11465,Leonardo da Vinci
TEST_11466,Pieter Bruegel
TEST_11467,Joan Miro
TEST_11468,Titian
TEST_11469,Paul Gauguin
TEST_11470,Peter Paul Rubens
TEST_11471,Vincent van Gogh
TEST_11472,Albrecht Du rer
TEST_11473,Piet Mondrian
TEST_11474,Francisco Goya
TEST_11475,Paul Gauguin
TEST_11476,Sandro Botticelli
TEST_11477,Jan van Eyck
TEST_11478,Albrecht Du rer
TEST_11479,Jan van Eyck
TEST_11480,William Turner
TEST_11481,Amedeo Modigliani
TEST_11482,Alfred Sisley
TEST_11483,Rene Magritte
TEST_11484,Pierre-Auguste Renoir
TEST_11485,Paul Gauguin
TEST_11486,Diego Rivera
TEST_11487,Hieronymus Bosch
TEST_11488,Giotto di Bondone
TEST_11489,Salvador Dali
TEST_11490,Jackson Pollock
TEST_11491,Pierre-Auguste Renoir
TEST_11492,Caravaggio
TEST_11493,Andy Warhol
TEST_11494,Jan van Eyck
TEST_11495,Georges Seurat
TEST_11496,Paul Gauguin
TEST_11497,Vincent van Gogh
TEST_11498,Albrecht Du rer
TEST_11499,Salvador Dali
TEST_11500,Titian
TEST_11501,Albrecht Du rer
TEST_11502,Albrecht Du rer
TEST_11503,Vincent van Gogh
TEST_11504,Leonardo da Vinci
TEST_11505,William Turner
TEST_11506,Leonardo da Vinci
TEST_11507,Vincent van Gogh
TEST_11508,Leonardo da Vinci
TEST_11509,Marc Chagall
TEST_11510,Paul Klee
TEST_11511,Kazimir Malevich
TEST_11512,Pieter Bruegel
TEST_11513,Mikhail Vrubel
TEST_11514,Pieter Bruegel
TEST_11515,Camille Pissarro
TEST_11516,Sandro Botticelli
TEST_11517,Gustav Klimt
TEST_11518,Edouard Manet
TEST_11519,Leonardo da Vinci
TEST_11520,Andy Warhol
TEST_11521,Vincent van Gogh
TEST_11522,William Turner
TEST_11523,Andy Warhol
TEST_11524,Jan van Eyck
TEST_11525,Albrecht Du rer
TEST_11526,Albrecht Du rer
TEST_11527,Francisco Goya
TEST_11528,El Greco
TEST_11529,Pierre-Auguste Renoir
TEST_11530,Pieter Bruegel
TEST_11531,Diego Rivera
TEST_11532,Jan van Eyck
TEST_11533,Francisco Goya
TEST_11534,Leonardo da Vinci
TEST_11535,Diego Rivera
TEST_11536,El Greco
TEST_11537,Marc Chagall
TEST_11538,El Greco
TEST_11539,William Turner
TEST_11540,Piet Mondrian
TEST_11541,Pablo Picasso
TEST_11542,Andy Warhol
TEST_11543,Andrei Rublev
TEST_11544,Vincent van Gogh
TEST_11545,Francisco Goya
TEST_11546,Camille Pissarro
TEST_11547,Jan van Eyck
TEST_11548,Camille Pissarro
TEST_11549,Francisco Goya
TEST_11550,Gustav Klimt
TEST_11551,Edgar Degas
TEST_11552,Andy Warhol
TEST_11553,Diego Rivera
TEST_11554,Paul Gauguin
TEST_11555,Leonardo da Vinci
TEST_11556,Vincent van Gogh
TEST_11557,Pieter Bruegel
TEST_11558,Francisco Goya
TEST_11559,Peter Paul Rubens
TEST_11560,Francisco Goya
TEST_11561,Vincent van Gogh
TEST_11562,Vincent van Gogh
TEST_11563,Francisco Goya
TEST_11564,Giotto di Bondone
TEST_11565,Giotto di Bondone
TEST_11566,Pierre-Auguste Renoir
TEST_11567,Mikhail Vrubel
TEST_11568,Jackson Pollock
TEST_11569,Camille Pissarro
TEST_11570,El Greco
TEST_11571,Paul Gauguin
TEST_11572,Sandro Botticelli
TEST_11573,Alfred Sisley
TEST_11574,Rene Magritte
TEST_11575,Pieter Bruegel
TEST_11576,Pablo Picasso
TEST_11577,Vincent van Gogh
TEST_11578,Kazimir Malevich
TEST_11579,Gustav Klimt
TEST_11580,Pierre-Auguste Renoir
TEST_11581,Andy Warhol
TEST_11582,Francisco Goya
TEST_11583,Albrecht Du rer
TEST_11584,Titian
TEST_11585,Vincent van Gogh
TEST_11586,Henri Matisse
TEST_11587,Albrecht Du rer
TEST_11588,Vincent van Gogh
TEST_11589,Pierre-Auguste Renoir
TEST_11590,Rene Magritte
TEST_11591,Diego Rivera
TEST_11592,Peter Paul Rubens
TEST_11593,Peter Paul Rubens
TEST_11594,Leonardo da Vinci
TEST_11595,Vincent van Gogh
TEST_11596,Mikhail Vrubel
TEST_11597,Albrecht Du rer
TEST_11598,Peter Paul Rubens
TEST_11599,Pieter Bruegel
TEST_11600,Pieter Bruegel
TEST_11601,Kazimir Malevich
TEST_11602,Vincent van Gogh
TEST_11603,Jan van Eyck
TEST_11604,Andrei Rublev
TEST_11605,Diego Rivera
TEST_11606,Peter Paul Rubens
TEST_11607,Peter Paul Rubens
TEST_11608,Pierre-Auguste Renoir
TEST_11609,Piet Mondrian
TEST_11610,Salvador Dali
TEST_11611,Rene Magritte
TEST_11612,William Turner
TEST_11613,Pierre-Auguste Renoir
TEST_11614,Pieter Bruegel
TEST_11615,Albrecht Du rer
TEST_11616,Leonardo da Vinci
TEST_11617,Albrecht Du rer
TEST_11618,Vincent van Gogh
TEST_11619,Caravaggio
TEST_11620,Rembrandt
TEST_11621,Paul Klee
TEST_11622,Gustav Klimt
TEST_11623,Caravaggio
TEST_11624,Mikhail Vrubel
TEST_11625,Rene Magritte
TEST_11626,William Turner
TEST_11627,Albrecht Du rer
TEST_11628,Francisco Goya
TEST_11629,Kazimir Malevich
TEST_11630,Rene Magritte
TEST_11631,Piet Mondrian
TEST_11632,Amedeo Modigliani
TEST_11633,Leonardo da Vinci
TEST_11634,Albrecht Du rer
TEST_11635,Albrecht Du rer
TEST_11636,Leonardo da Vinci
TEST_11637,Rembrandt
TEST_11638,Albrecht Du rer
TEST_11639,Rene Magritte
TEST_11640,Vincent van Gogh
TEST_11641,Paul Klee
TEST_11642,Edgar Degas
TEST_11643,Paul Gauguin
TEST_11644,Diego Rivera
TEST_11645,Pieter Bruegel
TEST_11646,Jackson Pollock
TEST_11647,Pierre-Auguste Renoir
TEST_11648,Giotto di Bondone
TEST_11649,Leonardo da Vinci
TEST_11650,Francisco Goya
TEST_11651,Caravaggio
TEST_11652,Francisco Goya
TEST_11653,Titian
TEST_11654,Diego Rivera
TEST_11655,Leonardo da Vinci
TEST_11656,El Greco
TEST_11657,Gustav Klimt
TEST_11658,Pieter Bruegel
TEST_11659,Paul Gauguin
TEST_11660,Claude Monet
TEST_11661,Joan Miro
TEST_11662,Leonardo da Vinci
TEST_11663,Pierre-Auguste Renoir
TEST_11664,Jackson Pollock
TEST_11665,Peter Paul Rubens
TEST_11666,Giotto di Bondone
TEST_11667,Pierre-Auguste Renoir
TEST_11668,Peter Paul Rubens
TEST_11669,Leonardo da Vinci
TEST_11670,Salvador Dali
TEST_11671,Diego Rivera
TEST_11672,Marc Chagall
TEST_11673,Pierre-Auguste Renoir
TEST_11674,Pablo Picasso
TEST_11675,Camille Pissarro
TEST_11676,Piet Mondrian
TEST_11677,Francisco Goya
TEST_11678,Kazimir Malevich
TEST_11679,Rene Magritte
TEST_11680,Edgar Degas
TEST_11681,Jan van Eyck
TEST_11682,Giotto di Bondone
TEST_11683,Jan van Eyck
TEST_11684,Paul Klee
TEST_11685,Rene Magritte
TEST_11686,Andrei Rublev
TEST_11687,Paul Klee
TEST_11688,Leonardo da Vinci
TEST_11689,Vincent van Gogh
TEST_11690,Rembrandt
TEST_11691,Albrecht Du rer
TEST_11692,Jan van Eyck
TEST_11693,Edgar Degas
TEST_11694,Salvador Dali
TEST_11695,Pieter Bruegel
TEST_11696,Alfred Sisley
TEST_11697,Alfred Sisley
TEST_11698,Paul Klee
TEST_11699,Rembrandt
TEST_11700,Albrecht Du rer
TEST_11701,Paul Klee
TEST_11702,Leonardo da Vinci
TEST_11703,El Greco
TEST_11704,Francisco Goya
TEST_11705,Joan Miro
TEST_11706,Pieter Bruegel
TEST_11707,Edvard Munch
TEST_11708,Edgar Degas
TEST_11709,Pierre-Auguste Renoir
TEST_11710,Jackson Pollock
TEST_11711,Leonardo da Vinci
TEST_11712,Pieter Bruegel
TEST_11713,Paul Klee
TEST_11714,Peter Paul Rubens
TEST_11715,Albrecht Du rer
TEST_11716,Pierre-Auguste Renoir
TEST_11717,Vincent van Gogh
TEST_11718,Giotto di Bondone
TEST_11719,Paul Gauguin
TEST_11720,Pablo Picasso
TEST_11721,Piet Mondrian
TEST_11722,Francisco Goya
TEST_11723,Pierre-Auguste Renoir
TEST_11724,Jan van Eyck
TEST_11725,Sandro Botticelli
TEST_11726,Leonardo da Vinci
TEST_11727,Alfred Sisley
TEST_11728,Gustave Courbet
TEST_11729,Jackson Pollock
TEST_11730,Jackson Pollock
TEST_11731,Peter Paul Rubens
TEST_11732,Titian
TEST_11733,Francisco Goya
TEST_11734,Vincent van Gogh
TEST_11735,Sandro Botticelli
TEST_11736,Paul Gauguin
TEST_11737,Vincent van Gogh
TEST_11738,Paul Gauguin
TEST_11739,Titian
TEST_11740,Leonardo da Vinci
TEST_11741,Vincent van Gogh
TEST_11742,Peter Paul Rubens
TEST_11743,Frida Kahlo
TEST_11744,Peter Paul Rubens
TEST_11745,Albrecht Du rer
TEST_11746,El Greco
TEST_11747,Rembrandt
TEST_11748,Camille Pissarro
TEST_11749,Piet Mondrian
TEST_11750,Leonardo da Vinci
TEST_11751,El Greco
TEST_11752,Diego Rivera
TEST_11753,Titian
TEST_11754,Marc Chagall
TEST_11755,Paul Klee
TEST_11756,Frida Kahlo
TEST_11757,William Turner
TEST_11758,Alfred Sisley
TEST_11759,Jan van Eyck
TEST_11760,Vincent van Gogh
TEST_11761,Jan van Eyck
TEST_11762,Rene Magritte
TEST_11763,Jan van Eyck
TEST_11764,Amedeo Modigliani
TEST_11765,Francisco Goya
TEST_11766,Leonardo da Vinci
TEST_11767,Albrecht Du rer
TEST_11768,Vincent van Gogh
TEST_11769,Francisco Goya
TEST_11770,Paul Klee
TEST_11771,Vincent van Gogh
TEST_11772,Pablo Picasso
TEST_11773,Vincent van Gogh
TEST_11774,Hieronymus Bosch
TEST_11775,Jackson Pollock
TEST_11776,Albrecht Du rer
TEST_11777,Andy Warhol
TEST_11778,Vincent van Gogh
TEST_11779,Alfred Sisley
TEST_11780,Francisco Goya
TEST_11781,Camille Pissarro
TEST_11782,Jan van Eyck
TEST_11783,Mikhail Vrubel
TEST_11784,William Turner
TEST_11785,William Turner
TEST_11786,Francisco Goya
TEST_11787,Vincent van Gogh
TEST_11788,Andrei Rublev
TEST_11789,Alfred Sisley
TEST_11790,Francisco Goya
TEST_11791,Jan van Eyck
TEST_11792,Vincent van Gogh
TEST_11793,Francisco Goya
TEST_11794,Alfred Sisley
TEST_11795,Pierre-Auguste Renoir
TEST_11796,Francisco Goya
TEST_11797,Leonardo da Vinci
TEST_11798,Camille Pissarro
TEST_11799,Marc Chagall
TEST_11800,Andrei Rublev
TEST_11801,Caravaggio
TEST_11802,Albrecht Du rer
TEST_11803,Rene Magritte
TEST_11804,Francisco Goya
TEST_11805,Pieter Bruegel
TEST_11806,Andy Warhol
TEST_11807,Marc Chagall
TEST_11808,Paul Klee
TEST_11809,Pablo Picasso
TEST_11810,Diego Rivera
TEST_11811,Peter Paul Rubens
TEST_11812,Vincent van Gogh
TEST_11813,Leonardo da Vinci
TEST_11814,Leonardo da Vinci
TEST_11815,Henri Matisse
TEST_11816,Leonardo da Vinci
TEST_11817,Salvador Dali
TEST_11818,Edgar Degas
TEST_11819,Pablo Picasso
TEST_11820,Leonardo da Vinci
TEST_11821,Pieter Bruegel
TEST_11822,Albrecht Du rer
TEST_11823,Peter Paul Rubens
TEST_11824,Rene Magritte
TEST_11825,Albrecht Du rer
TEST_11826,Georges Seurat
TEST_11827,Hieronymus Bosch
TEST_11828,Pierre-Auguste Renoir
TEST_11829,Albrecht Du rer
TEST_11830,Francisco Goya
TEST_11831,Rene Magritte
TEST_11832,Albrecht Du rer
TEST_11833,Vincent van Gogh
TEST_11834,Leonardo da Vinci
TEST_11835,Paul Gauguin
TEST_11836,Pierre-Auguste Renoir
TEST_11837,Kazimir Malevich
TEST_11838,Rembrandt
TEST_11839,Alfred Sisley
TEST_11840,Pierre-Auguste Renoir
TEST_11841,Camille Pissarro
TEST_11842,Pierre-Auguste Renoir
TEST_11843,Pieter Bruegel
TEST_11844,Paul Klee
TEST_11845,Marc Chagall
TEST_11846,Claude Monet
TEST_11847,Pieter Bruegel
TEST_11848,William Turner
TEST_11849,Pierre-Auguste Renoir
TEST_11850,Vincent van Gogh
TEST_11851,Camille Pissarro
TEST_11852,Albrecht Du rer
TEST_11853,Raphael
TEST_11854,Jan van Eyck
TEST_11855,Piet Mondrian
TEST_11856,Pieter Bruegel
TEST_11857,Pierre-Auguste Renoir
TEST_11858,Vincent van Gogh
TEST_11859,Piet Mondrian
TEST_11860,Rembrandt
TEST_11861,Camille Pissarro
TEST_11862,Leonardo da Vinci
TEST_11863,Rembrandt
TEST_11864,Caravaggio
TEST_11865,El Greco
TEST_11866,Albrecht Du rer
TEST_11867,Leonardo da Vinci
TEST_11868,Alfred Sisley
TEST_11869,Frida Kahlo
TEST_11870,Albrecht Du rer
TEST_11871,Vincent van Gogh
TEST_11872,Rene Magritte
TEST_11873,Piet Mondrian
TEST_11874,Leonardo da Vinci
TEST_11875,Pierre-Auguste Renoir
TEST_11876,Caravaggio
TEST_11877,Vincent van Gogh
TEST_11878,Andrei Rublev
TEST_11879,Paul Gauguin
TEST_11880,Albrecht Du rer
TEST_11881,Raphael
TEST_11882,Vincent van Gogh
TEST_11883,Alfred Sisley
TEST_11884,William Turner
TEST_11885,Paul Gauguin
TEST_11886,Vincent van Gogh
TEST_11887,Gustav Klimt
TEST_11888,Jackson Pollock
TEST_11889,Leonardo da Vinci
TEST_11890,Paul Klee
TEST_11891,Gustav Klimt
TEST_11892,Mikhail Vrubel
TEST_11893,Sandro Botticelli
TEST_11894,Vincent van Gogh
TEST_11895,Giotto di Bondone
TEST_11896,Marc Chagall
TEST_11897,Jan van Eyck
TEST_11898,Titian
TEST_11899,Vincent van Gogh
TEST_11900,Kazimir Malevich
TEST_11901,Vincent van Gogh
TEST_11902,William Turner
TEST_11903,Leonardo da Vinci
TEST_11904,El Greco
TEST_11905,Pieter Bruegel
TEST_11906,Vincent van Gogh
TEST_11907,Gustav Klimt
TEST_11908,Gustav Klimt
TEST_11909,Albrecht Du rer
TEST_11910,Vincent van Gogh
TEST_11911,Rene Magritte
TEST_11912,El Greco
TEST_11913,Pierre-Auguste Renoir
TEST_11914,Andrei Rublev
TEST_11915,Rembrandt
TEST_11916,Leonardo da Vinci
TEST_11917,Leonardo da Vinci
TEST_11918,Georges Seurat
TEST_11919,Rene Magritte
TEST_11920,Salvador Dali
TEST_11921,Sandro Botticelli
TEST_11922,Georges Seurat
TEST_11923,Sandro Botticelli
TEST_11924,Pierre-Auguste Renoir
TEST_11925,Titian
TEST_11926,Gustav Klimt
TEST_11927,Francisco Goya
TEST_11928,Albrecht Du rer
TEST_11929,Paul Klee
TEST_11930,Andy Warhol
TEST_11931,Marc Chagall
TEST_11932,Albrecht Du rer
TEST_11933,Jan van Eyck
TEST_11934,El Greco
TEST_11935,Pablo Picasso
TEST_11936,Gustav Klimt
TEST_11937,Vincent van Gogh
TEST_11938,Vincent van Gogh
TEST_11939,Vincent van Gogh
TEST_11940,Peter Paul Rubens
TEST_11941,Claude Monet
TEST_11942,Jan van Eyck
TEST_11943,Diego Rivera
TEST_11944,Paul Klee
TEST_11945,Pierre-Auguste Renoir
TEST_11946,Rembrandt
TEST_11947,Joan Miro
TEST_11948,Piet Mondrian
TEST_11949,Georges Seurat
TEST_11950,Pieter Bruegel
TEST_11951,William Turner
TEST_11952,Vincent van Gogh
TEST_11953,Leonardo da Vinci
TEST_11954,Rene Magritte
TEST_11955,Gustav Klimt
TEST_11956,Albrecht Du rer
TEST_11957,Jackson Pollock
TEST_11958,Marc Chagall
TEST_11959,Paul Klee
TEST_11960,Diego Rivera
TEST_11961,Leonardo da Vinci
TEST_11962,Gustav Klimt
TEST_11963,Alfred Sisley
TEST_11964,Hieronymus Bosch
TEST_11965,Peter Paul Rubens
TEST_11966,Rene Magritte
TEST_11967,Paul Gauguin
TEST_11968,Paul Gauguin
TEST_11969,Caravaggio
TEST_11970,Sandro Botticelli
TEST_11971,Jan van Eyck
TEST_11972,Andy Warhol
TEST_11973,El Greco
TEST_11974,Salvador Dali
TEST_11975,Pieter Bruegel
TEST_11976,Pierre-Auguste Renoir
TEST_11977,Gustav Klimt
TEST_11978,William Turner
TEST_11979,Leonardo da Vinci
TEST_11980,Mikhail Vrubel
TEST_11981,Sandro Botticelli
TEST_11982,Paul Klee
TEST_11983,Pieter Bruegel
TEST_11984,Jan van Eyck
TEST_11985,Mikhail Vrubel
TEST_11986,Pieter Bruegel
TEST_11987,William Turner
TEST_11988,Albrecht Du rer
TEST_11989,Albrecht Du rer
TEST_11990,Michelangelo
TEST_11991,Francisco Goya
TEST_11992,Francisco Goya
TEST_11993,Salvador Dali
TEST_11994,Kazimir Malevich
TEST_11995,Leonardo da Vinci
TEST_11996,Jackson Pollock
TEST_11997,Paul Gauguin
TEST_11998,William Turner
TEST_11999,Titian
TEST_12000,Pierre-Auguste Renoir
TEST_12001,Leonardo da Vinci
TEST_12002,Paul Klee
TEST_12003,Leonardo da Vinci
TEST_12004,Vincent van Gogh
TEST_12005,William Turner
TEST_12006,Francisco Goya
TEST_12007,Vincent van Gogh
TEST_12008,Mikhail Vrubel
TEST_12009,Mikhail Vrubel
TEST_12010,Andrei Rublev
TEST_12011,William Turner
TEST_12012,Albrecht Du rer
TEST_12013,Diego Rivera
TEST_12014,Paul Gauguin
TEST_12015,Giotto di Bondone
TEST_12016,Pierre-Auguste Renoir
TEST_12017,Peter Paul Rubens
TEST_12018,Francisco Goya
TEST_12019,Kazimir Malevich
TEST_12020,Paul Gauguin
TEST_12021,Pierre-Auguste Renoir
TEST_12022,Alfred Sisley
TEST_12023,Diego Rivera
TEST_12024,Pablo Picasso
TEST_12025,Leonardo da Vinci
TEST_12026,Leonardo da Vinci
TEST_12027,Francisco Goya
TEST_12028,Giotto di Bondone
TEST_12029,Leonardo da Vinci
TEST_12030,William Turner
TEST_12031,Vincent van Gogh
TEST_12032,Leonardo da Vinci
TEST_12033,Marc Chagall
TEST_12034,Leonardo da Vinci
TEST_12035,Leonardo da Vinci
TEST_12036,Frida Kahlo
TEST_12037,Andy Warhol
TEST_12038,Albrecht Du rer
TEST_12039,Francisco Goya
TEST_12040,Sandro Botticelli
TEST_12041,Sandro Botticelli
TEST_12042,Leonardo da Vinci
TEST_12043,Vincent van Gogh
TEST_12044,Pieter Bruegel
TEST_12045,Diego Rivera
TEST_12046,Pierre-Auguste Renoir
TEST_12047,Vincent van Gogh
TEST_12048,Pieter Bruegel
TEST_12049,Paul Klee
TEST_12050,Paul Gauguin
TEST_12051,Leonardo da Vinci
TEST_12052,Raphael
TEST_12053,Albrecht Du rer
TEST_12054,Jan van Eyck
TEST_12055,Rene Magritte
TEST_12056,Gustav Klimt
TEST_12057,El Greco
TEST_12058,Mikhail Vrubel
TEST_12059,Albrecht Du rer
TEST_12060,Vincent van Gogh
TEST_12061,Camille Pissarro
TEST_12062,Francisco Goya
TEST_12063,Vincent van Gogh
TEST_12064,Leonardo da Vinci
TEST_12065,Frida Kahlo
TEST_12066,Pieter Bruegel
TEST_12067,Leonardo da Vinci
TEST_12068,Hieronymus Bosch
TEST_12069,Mikhail Vrubel
TEST_12070,El Greco
TEST_12071,Francisco Goya
TEST_12072,Pablo Picasso
TEST_12073,Mikhail Vrubel
TEST_12074,Rembrandt
TEST_12075,Jan van Eyck
TEST_12076,El Greco
TEST_12077,Pierre-Auguste Renoir
TEST_12078,Sandro Botticelli
TEST_12079,Andrei Rublev
TEST_12080,Pierre-Auguste Renoir
TEST_12081,Albrecht Du rer
TEST_12082,Michelangelo
TEST_12083,Joan Miro
TEST_12084,William Turner
TEST_12085,Pierre-Auguste Renoir
TEST_12086,Vincent van Gogh
TEST_12087,Leonardo da Vinci
TEST_12088,Sandro Botticelli
TEST_12089,Alfred Sisley
TEST_12090,Vincent van Gogh
TEST_12091,Francisco Goya
TEST_12092,Peter Paul Rubens
TEST_12093,Gustav Klimt
TEST_12094,Vincent van Gogh
TEST_12095,Francisco Goya
TEST_12096,William Turner
TEST_12097,Jan van Eyck
TEST_12098,Pieter Bruegel
TEST_12099,Gustav Klimt
TEST_12100,Jackson Pollock
TEST_12101,Giotto di Bondone
TEST_12102,Pierre-Auguste Renoir
TEST_12103,Jackson Pollock
TEST_12104,Leonardo da Vinci
TEST_12105,Peter Paul Rubens
TEST_12106,Leonardo da Vinci
TEST_12107,Albrecht Du rer
TEST_12108,Leonardo da Vinci
TEST_12109,Francisco Goya
TEST_12110,Frida Kahlo
TEST_12111,Alfred Sisley
TEST_12112,Alfred Sisley
TEST_12113,Francisco Goya
TEST_12114,Raphael
TEST_12115,Francisco Goya
TEST_12116,Albrecht Du rer
TEST_12117,Albrecht Du rer
TEST_12118,Francisco Goya
TEST_12119,Leonardo da Vinci
TEST_12120,Paul Klee
TEST_12121,Francisco Goya
TEST_12122,William Turner
TEST_12123,Frida Kahlo
TEST_12124,Sandro Botticelli
TEST_12125,Alfred Sisley
TEST_12126,Mikhail Vrubel
TEST_12127,Rene Magritte
TEST_12128,Diego Rivera
TEST_12129,Jan van Eyck
TEST_12130,Diego Rivera
TEST_12131,Alfred Sisley
TEST_12132,Pieter Bruegel
TEST_12133,Diego Rivera
TEST_12134,Rembrandt
TEST_12135,Sandro Botticelli
TEST_12136,William Turner
TEST_12137,Mikhail Vrubel
TEST_12138,Kazimir Malevich
TEST_12139,Vincent van Gogh
TEST_12140,Paul Gauguin
TEST_12141,Paul Gauguin
TEST_12142,Titian
TEST_12143,Leonardo da Vinci
TEST_12144,Albrecht Du rer
TEST_12145,Rene Magritte
TEST_12146,Pablo Picasso
TEST_12147,Sandro Botticelli
TEST_12148,Pablo Picasso
TEST_12149,Rene Magritte
TEST_12150,Pierre-Auguste Renoir
TEST_12151,Albrecht Du rer
TEST_12152,Albrecht Du rer
TEST_12153,Jan van Eyck
TEST_12154,Paul Gauguin
TEST_12155,Vincent van Gogh
TEST_12156,Georges Seurat
TEST_12157,Leonardo da Vinci
TEST_12158,Jan van Eyck
TEST_12159,Vincent van Gogh
TEST_12160,Pierre-Auguste Renoir
TEST_12161,Francisco Goya
TEST_12162,Pierre-Auguste Renoir
TEST_12163,Sandro Botticelli
TEST_12164,Andy Warhol
TEST_12165,Jan van Eyck
TEST_12166,Paul Klee
TEST_12167,Pierre-Auguste Renoir
TEST_12168,Albrecht Du rer
TEST_12169,Paul Cezanne
TEST_12170,Pieter Bruegel
TEST_12171,Pierre-Auguste Renoir
TEST_12172,Pieter Bruegel
TEST_12173,Pierre-Auguste Renoir
TEST_12174,Claude Monet
TEST_12175,Jan van Eyck
TEST_12176,Piet Mondrian
TEST_12177,Francisco Goya
TEST_12178,Pierre-Auguste Renoir
TEST_12179,Pierre-Auguste Renoir
TEST_12180,Gustav Klimt
TEST_12181,Titian
TEST_12182,Albrecht Du rer
TEST_12183,Pierre-Auguste Renoir
TEST_12184,Alfred Sisley
TEST_12185,Pieter Bruegel
TEST_12186,Leonardo da Vinci
TEST_12187,Joan Miro
TEST_12188,Vincent van Gogh
TEST_12189,Albrecht Du rer
TEST_12190,Jan van Eyck
TEST_12191,Paul Klee
TEST_12192,Peter Paul Rubens
TEST_12193,Vincent van Gogh
TEST_12194,Mikhail Vrubel
TEST_12195,Claude Monet
TEST_12196,Paul Gauguin
TEST_12197,Leonardo da Vinci
TEST_12198,Leonardo da Vinci
TEST_12199,Francisco Goya
TEST_12200,Peter Paul Rubens
TEST_12201,Andrei Rublev
TEST_12202,Edouard Manet
TEST_12203,Andrei Rublev
TEST_12204,William Turner
TEST_12205,Giotto di Bondone
TEST_12206,Paul Gauguin
TEST_12207,Kazimir Malevich
TEST_12208,Leonardo da Vinci
TEST_12209,Francisco Goya
TEST_12210,Pieter Bruegel
TEST_12211,Leonardo da Vinci
TEST_12212,Leonardo da Vinci
TEST_12213,Albrecht Du rer
TEST_12214,Pieter Bruegel
TEST_12215,Joan Miro
TEST_12216,Sandro Botticelli
TEST_12217,Alfred Sisley
TEST_12218,William Turner
TEST_12219,Frida Kahlo
TEST_12220,Pierre-Auguste Renoir
TEST_12221,Edgar Degas
TEST_12222,Mikhail Vrubel
TEST_12223,Sandro Botticelli
TEST_12224,Rene Magritte
TEST_12225,El Greco
TEST_12226,Pablo Picasso
TEST_12227,Pieter Bruegel
TEST_12228,Pieter Bruegel
TEST_12229,Giotto di Bondone
TEST_12230,Rene Magritte
TEST_12231,Jan van Eyck
TEST_12232,Paul Klee
TEST_12233,Jan van Eyck
TEST_12234,Georges Seurat
TEST_12235,Vincent van Gogh
TEST_12236,Francisco Goya
TEST_12237,Pierre-Auguste Renoir
TEST_12238,Vincent van Gogh
TEST_12239,Rene Magritte
TEST_12240,Vincent van Gogh
TEST_12241,El Greco
TEST_12242,Pieter Bruegel
TEST_12243,Rene Magritte
TEST_12244,Francisco Goya
TEST_12245,Alfred Sisley
TEST_12246,Sandro Botticelli
TEST_12247,Pieter Bruegel
TEST_12248,Andrei Rublev
TEST_12249,Vincent van Gogh
TEST_12250,Pieter Bruegel
TEST_12251,Leonardo da Vinci
TEST_12252,Francisco Goya
TEST_12253,Paul Klee
TEST_12254,Albrecht Du rer
TEST_12255,Paul Klee
TEST_12256,Francisco Goya
TEST_12257,Leonardo da Vinci
TEST_12258,Jan van Eyck
TEST_12259,Leonardo da Vinci
TEST_12260,Albrecht Du rer
TEST_12261,Diego Rivera
TEST_12262,Paul Klee
TEST_12263,Paul Gauguin
TEST_12264,Vincent van Gogh
TEST_12265,Francisco Goya
TEST_12266,Francisco Goya
TEST_12267,Titian
TEST_12268,Camille Pissarro
TEST_12269,Pieter Bruegel
TEST_12270,Jan van Eyck
TEST_12271,Rembrandt
TEST_12272,Titian
TEST_12273,Jan van Eyck
TEST_12274,Vincent van Gogh
TEST_12275,Francisco Goya
TEST_12276,Vincent van Gogh
TEST_12277,Andy Warhol
TEST_12278,Pablo Picasso
TEST_12279,Pierre-Auguste Renoir
TEST_12280,Albrecht Du rer
TEST_12281,Gustav Klimt
TEST_12282,Giotto di Bondone
TEST_12283,Albrecht Du rer
TEST_12284,Leonardo da Vinci
TEST_12285,Paul Gauguin
TEST_12286,Salvador Dali
TEST_12287,Vincent van Gogh
TEST_12288,Peter Paul Rubens
TEST_12289,Piet Mondrian
TEST_12290,Albrecht Du rer
TEST_12291,Vincent van Gogh
TEST_12292,Francisco Goya
TEST_12293,Leonardo da Vinci
TEST_12294,Vincent van Gogh
TEST_12295,Albrecht Du rer
TEST_12296,Leonardo da Vinci
TEST_12297,Vincent van Gogh
TEST_12298,Gustav Klimt
TEST_12299,Pierre-Auguste Renoir
TEST_12300,Vincent van Gogh
TEST_12301,Rene Magritte
TEST_12302,Pieter Bruegel
TEST_12303,Rene Magritte
TEST_12304,Paul Gauguin
TEST_12305,Jackson Pollock
TEST_12306,Albrecht Du rer
TEST_12307,Andy Warhol
TEST_12308,Vincent van Gogh
TEST_12309,Francisco Goya
TEST_12310,Peter Paul Rubens
TEST_12311,Leonardo da Vinci
TEST_12312,Rene Magritte
TEST_12313,Leonardo da Vinci
TEST_12314,Piet Mondrian
TEST_12315,Rene Magritte
TEST_12316,Georges Seurat
TEST_12317,Pierre-Auguste Renoir
TEST_12318,Vincent van Gogh
TEST_12319,Giotto di Bondone
TEST_12320,Peter Paul Rubens
TEST_12321,Albrecht Du rer
TEST_12322,Peter Paul Rubens
TEST_12323,Jan van Eyck
TEST_12324,Vincent van Gogh
TEST_12325,Marc Chagall
TEST_12326,Rembrandt
TEST_12327,Francisco Goya
TEST_12328,Jan van Eyck
TEST_12329,Francisco Goya
TEST_12330,Alfred Sisley
TEST_12331,Kazimir Malevich
TEST_12332,Rembrandt
TEST_12333,Diego Rivera
TEST_12334,Peter Paul Rubens
TEST_12335,William Turner
TEST_12336,Kazimir Malevich
TEST_12337,Albrecht Du rer
TEST_12338,Gustav Klimt
TEST_12339,Leonardo da Vinci
TEST_12340,William Turner
TEST_12341,Vincent van Gogh
TEST_12342,Caravaggio
TEST_12343,Diego Rivera
TEST_12344,Pieter Bruegel
TEST_12345,Peter Paul Rubens
TEST_12346,Francisco Goya
TEST_12347,Piet Mondrian
TEST_12348,Salvador Dali
TEST_12349,Francisco Goya
TEST_12350,Claude Monet
TEST_12351,Giotto di Bondone
TEST_12352,Salvador Dali
TEST_12353,Pieter Bruegel
TEST_12354,Titian
TEST_12355,Diego Rivera
TEST_12356,Vincent van Gogh
TEST_12357,Alfred Sisley
TEST_12358,Leonardo da Vinci
TEST_12359,Francisco Goya
TEST_12360,Mikhail Vrubel
TEST_12361,Amedeo Modigliani
TEST_12362,Sandro Botticelli
TEST_12363,Pierre-Auguste Renoir
TEST_12364,Vincent van Gogh
TEST_12365,Pierre-Auguste Renoir
TEST_12366,Vincent van Gogh
TEST_12367,Kazimir Malevich
TEST_12368,Albrecht Du rer
TEST_12369,Pablo Picasso
TEST_12370,William Turner
TEST_12371,Albrecht Du rer
TEST_12372,Andrei Rublev
TEST_12373,Rene Magritte
TEST_12374,Vincent van Gogh
TEST_12375,Paul Klee
TEST_12376,Gustav Klimt
TEST_12377,Andy Warhol
TEST_12378,Piet Mondrian
TEST_12379,Kazimir Malevich
TEST_12380,Andy Warhol
TEST_12381,Leonardo da Vinci
TEST_12382,Gustav Klimt
TEST_12383,Albrecht Du rer
TEST_12384,Paul Gauguin
TEST_12385,Peter Paul Rubens
TEST_12386,William Turner
TEST_12387,Rembrandt
TEST_12388,Paul Gauguin
TEST_12389,Gustav Klimt
TEST_12390,Piet Mondrian
TEST_12391,Pierre-Auguste Renoir
TEST_12392,Giotto di Bondone
TEST_12393,Kazimir Malevich
TEST_12394,Rene Magritte
TEST_12395,Rene Magritte
TEST_12396,Jan van Eyck
TEST_12397,Mikhail Vrubel
TEST_12398,Leonardo da Vinci
TEST_12399,Francisco Goya
TEST_12400,El Greco
TEST_12401,Francisco Goya
TEST_12402,Pierre-Auguste Renoir
TEST_12403,Albrecht Du rer
TEST_12404,Pieter Bruegel
TEST_12405,Alfred Sisley
TEST_12406,Albrecht Du rer
TEST_12407,Leonardo da Vinci
TEST_12408,Sandro Botticelli
TEST_12409,Francisco Goya
TEST_12410,Paul Klee
TEST_12411,Salvador Dali
TEST_12412,Gustav Klimt
TEST_12413,Paul Gauguin
TEST_12414,Caravaggio
TEST_12415,Albrecht Du rer
TEST_12416,Sandro Botticelli
TEST_12417,Giotto di Bondone
TEST_12418,Sandro Botticelli
TEST_12419,Pierre-Auguste Renoir
TEST_12420,Jan van Eyck
TEST_12421,Pieter Bruegel
TEST_12422,Vincent van Gogh
TEST_12423,Albrecht Du rer
TEST_12424,Albrecht Du rer
TEST_12425,Gustav Klimt
TEST_12426,Leonardo da Vinci
TEST_12427,Claude Monet
TEST_12428,Kazimir Malevich
TEST_12429,Albrecht Du rer
TEST_12430,Pierre-Auguste Renoir
TEST_12431,William Turner
TEST_12432,Vincent van Gogh
TEST_12433,Kazimir Malevich
TEST_12434,Titian
TEST_12435,Albrecht Du rer
TEST_12436,William Turner
TEST_12437,Mikhail Vrubel
TEST_12438,Marc Chagall
TEST_12439,Jan van Eyck
TEST_12440,Francisco Goya
TEST_12441,Vincent van Gogh
TEST_12442,Gustav Klimt
TEST_12443,Jackson Pollock
TEST_12444,Pieter Bruegel
TEST_12445,El Greco
TEST_12446,Vincent van Gogh
TEST_12447,Giotto di Bondone
TEST_12448,Salvador Dali
TEST_12449,Pieter Bruegel
TEST_12450,Alfred Sisley
TEST_12451,Francisco Goya
TEST_12452,Pieter Bruegel
TEST_12453,Vincent van Gogh
TEST_12454,Albrecht Du rer
TEST_12455,Andrei Rublev
TEST_12456,Vincent van Gogh
TEST_12457,Leonardo da Vinci
TEST_12458,Francisco Goya
TEST_12459,Pieter Bruegel
TEST_12460,William Turner
TEST_12461,William Turner
TEST_12462,Henri de Toulouse-Lautrec
TEST_12463,Sandro Botticelli
TEST_12464,Amedeo Modigliani
TEST_12465,Pierre-Auguste Renoir
TEST_12466,Salvador Dali
TEST_12467,Salvador Dali
TEST_12468,Peter Paul Rubens
TEST_12469,Vincent van Gogh
TEST_12470,Andy Warhol
TEST_12471,Paul Gauguin
TEST_12472,Vincent van Gogh
TEST_12473,Mikhail Vrubel
TEST_12474,Pieter Bruegel
TEST_12475,Caravaggio
TEST_12476,Albrecht Du rer
TEST_12477,Piet Mondrian
TEST_12478,Pierre-Auguste Renoir
TEST_12479,Albrecht Du rer
TEST_12480,Hieronymus Bosch
TEST_12481,Paul Klee
TEST_12482,Pablo Picasso
TEST_12483,Pierre-Auguste Renoir
TEST_12484,Rembrandt
TEST_12485,Albrecht Du rer
TEST_12486,Paul Gauguin
TEST_12487,Andy Warhol
TEST_12488,Pierre-Auguste Renoir
TEST_12489,Albrecht Du rer
TEST_12490,Jan van Eyck
TEST_12491,Mikhail Vrubel
TEST_12492,Jackson Pollock
TEST_12493,Mikhail Vrubel
TEST_12494,Leonardo da Vinci
TEST_12495,Jackson Pollock
TEST_12496,William Turner
TEST_12497,Leonardo da Vinci
TEST_12498,Pablo Picasso
TEST_12499,Leonardo da Vinci
TEST_12500,Henri Matisse
TEST_12501,Piet Mondrian
TEST_12502,El Greco
TEST_12503,Henri Matisse
TEST_12504,Camille Pissarro
TEST_12505,Vincent van Gogh
TEST_12506,Diego Rivera
TEST_12507,Jackson Pollock
TEST_12508,Leonardo da Vinci
TEST_12509,Pierre-Auguste Renoir
TEST_12510,Jan van Eyck
TEST_12511,Vincent van Gogh
TEST_12512,Pieter Bruegel
TEST_12513,Peter Paul Rubens
TEST_12514,Kazimir Malevich
TEST_12515,Paul Klee
TEST_12516,Titian
TEST_12517,Jackson Pollock
TEST_12518,Leonardo da Vinci
TEST_12519,Vincent van Gogh
TEST_12520,Rene Magritte
TEST_12521,Leonardo da Vinci
TEST_12522,Rene Magritte
TEST_12523,Paul Klee
TEST_12524,Titian
TEST_12525,Leonardo da Vinci
TEST_12526,Peter Paul Rubens
TEST_12527,Peter Paul Rubens
TEST_12528,Albrecht Du rer
TEST_12529,Pierre-Auguste Renoir
TEST_12530,Albrecht Du rer
TEST_12531,El Greco
TEST_12532,Jan van Eyck
TEST_12533,Pablo Picasso
TEST_12534,Vincent van Gogh
TEST_12535,Rembrandt
TEST_12536,Paul Klee
TEST_12537,Rene Magritte
TEST_12538,Titian
TEST_12539,Vincent van Gogh
TEST_12540,Jan van Eyck
TEST_12541,Albrecht Du rer
TEST_12542,Marc Chagall
TEST_12543,Kazimir Malevich
TEST_12544,Leonardo da Vinci
TEST_12545,Sandro Botticelli
TEST_12546,Albrecht Du rer
TEST_12547,Vincent van Gogh
TEST_12548,William Turner
TEST_12549,Pierre-Auguste Renoir
TEST_12550,Andy Warhol
TEST_12551,Albrecht Du rer
TEST_12552,Paul Gauguin
TEST_12553,Albrecht Du rer
TEST_12554,Rembrandt
TEST_12555,Paul Klee
TEST_12556,Albrecht Du rer
TEST_12557,Vincent van Gogh
TEST_12558,Pieter Bruegel
TEST_12559,Vincent van Gogh
TEST_12560,Pierre-Auguste Renoir
TEST_12561,Georges Seurat
TEST_12562,Andy Warhol
TEST_12563,Andrei Rublev
TEST_12564,Pierre-Auguste Renoir
TEST_12565,Paul Klee
TEST_12566,Pieter Bruegel
TEST_12567,Frida Kahlo
TEST_12568,Francisco Goya
TEST_12569,Vincent van Gogh
TEST_12570,El Greco
TEST_12571,Andrei Rublev
TEST_12572,Albrecht Du rer
TEST_12573,Leonardo da Vinci
TEST_12574,Vincent van Gogh
TEST_12575,El Greco
TEST_12576,Rembrandt
TEST_12577,Albrecht Du rer
TEST_12578,Alfred Sisley
TEST_12579,Francisco Goya
TEST_12580,Diego Rivera
TEST_12581,Leonardo da Vinci
TEST_12582,Leonardo da Vinci
TEST_12583,Vincent van Gogh
TEST_12584,Albrecht Du rer
TEST_12585,Paul Gauguin
TEST_12586,Hieronymus Bosch
TEST_12587,Albrecht Du rer
TEST_12588,Piet Mondrian
TEST_12589,Salvador Dali
TEST_12590,Jan van Eyck
TEST_12591,El Greco
TEST_12592,Kazimir Malevich
TEST_12593,Francisco Goya
TEST_12594,William Turner
TEST_12595,Pieter Bruegel
TEST_12596,Pierre-Auguste Renoir
TEST_12597,Jan van Eyck
TEST_12598,Pieter Bruegel
TEST_12599,Vincent van Gogh
TEST_12600,Paul Klee
TEST_12601,Gustav Klimt
TEST_12602,Andrei Rublev
TEST_12603,Diego Rivera
TEST_12604,Titian
TEST_12605,Diego Velazquez
TEST_12606,Camille Pissarro
TEST_12607,Pieter Bruegel
TEST_12608,Piet Mondrian
TEST_12609,Vincent van Gogh
TEST_12610,William Turner
TEST_12611,Peter Paul Rubens
TEST_12612,Titian
TEST_12613,Pablo Picasso
TEST_12614,Vincent van Gogh
TEST_12615,Rene Magritte
TEST_12616,Camille Pissarro
TEST_12617,Francisco Goya
TEST_12618,Albrecht Du rer
TEST_12619,Gustav Klimt
TEST_12620,Pierre-Auguste Renoir
TEST_12621,Diego Rivera
TEST_12622,Leonardo da Vinci
TEST_12623,Leonardo da Vinci
TEST_12624,Albrecht Du rer
TEST_12625,Leonardo da Vinci
TEST_12626,Mikhail Vrubel
TEST_12627,Francisco Goya
TEST_12628,Jan van Eyck
TEST_12629,Peter Paul Rubens
TEST_12630,Albrecht Du rer
TEST_12631,Rene Magritte
TEST_12632,Francisco Goya
TEST_12633,Rene Magritte
TEST_12634,Pierre-Auguste Renoir
TEST_12635,Rene Magritte
TEST_12636,Albrecht Du rer
TEST_12637,Diego Rivera
TEST_12638,Leonardo da Vinci
TEST_12639,Peter Paul Rubens
TEST_12640,Piet Mondrian
TEST_12641,Edgar Degas
TEST_12642,William Turner
TEST_12643,Leonardo da Vinci
TEST_12644,Pieter Bruegel
TEST_12645,Vincent van Gogh
TEST_12646,Caravaggio
TEST_12647,Georges Seurat
TEST_12648,Sandro Botticelli
TEST_12649,Peter Paul Rubens
TEST_12650,Leonardo da Vinci
TEST_12651,Pablo Picasso
TEST_12652,Frida Kahlo
TEST_12653,Paul Gauguin
TEST_12654,Paul Klee
TEST_12655,Kazimir Malevich
TEST_12656,Vincent van Gogh
TEST_12657,Amedeo Modigliani
TEST_12658,Hieronymus Bosch
TEST_12659,Francisco Goya
TEST_12660,Gustav Klimt
TEST_12661,Hieronymus Bosch
TEST_12662,Vincent van Gogh
TEST_12663,Rene Magritte
TEST_12664,Titian
TEST_12665,Kazimir Malevich
TEST_12666,El Greco
TEST_12667,Joan Miro
TEST_12668,Titian
TEST_12669,Pieter Bruegel
